-70
172
-54
92
000000000000000000000000000000000000000000000000000000000000000000000000000000000000000000000000000000000000000000000000000000000000000000000000000000000000000000000000000000000000000000000000000000000000000000000000000000000000000000000000000
000000000000000000000000000000000000000000000000000000111111111111000000000000000000000000000000000000000000000000000000000000000000000000000001111111111111111111000000000000000000000000000000000000000000000000000000000000000000000000000000000
000000000000000000000011111111111100000000000000000000111111111111000000000000000000000000000000000000000000000000000000000000000000000000000001111111111111111111000000000000000000000000000000000000000000000000000000000000000000000000000000000
000000000000111111000011111111111100000000000000000000111111111111000000000000000000000000000000000000000000000000000000000000000000000000000001111111111111111111000000000000000000000000000000000000000000000000000000000000000000000000000000000
000000000011111111000011111111111100000000000000000000111111111111000000000000000000000000000000000000000000000000000000000000000000000000000001111111111111111111000000000000000000000000000000000000000000000000000000000000000000000000000000000
000001111111111111111111111111111111110000000000001111111111111111000000000000000000000000000000000000000000000000000000000000000000000000000001111111111111111111111111110000000000000000000000000000000000000000000000000000000000000000000000000
000001111111111111111111111111111111110000000000001111111111111111000000000000000000000000000000000000000000000000000000000000000000000000000001111111111111111111111111110000000000000000000000000000000000000000000000000000000000000000000000000
000011111111111111111111111111111111110000000000001111111111111111000000000000000000000000000000000000000000000000000000000000000000000000000001111111111111111111111111110000000000000000000000000000000000000000000000000000000000000000000000000
000111111111111111111111111111111111110000000000001111111111111111000000000000000000000000000000000000000000000000000000000000000000000000000001111111111111111111111111110000000000000000000000000000000000000000000000000000000000000000000000000
001111111111111111111111111111111111111111000000001111111111111111000000000000000000000000000000000000111111111111111111111111000000000000000001111111111111111111111111110000000000000000000000000000000000000000000000000000000000000000000000000
001111111111111111111111111111111111111111000000001111111111111111000000000000000000000000000000000000111111111111111111111111000000000000000001111111111111111111111111110000000000000000000000000000000000000000000000000000000000000000000000000
011111111111111111111111111111111111111111000000001111111111111111000000000000000000000000000000000000111111111111111111111111000000000000000001111111111111111111111111110000000000000000000000000000000000000000000000000000000000000000000000000
111111111111111111111111111111111111111111000000001111111111111111000000000000000000000000000000000001111111111111111111111111000000000000000001111111111111111111111111110000000000000000000000000000000000000000000000000000000000000000000000000
111111111111111111111111111111111111111111000000001111111111111111111111111111111100000000000000000001111111111111111111111111000000000000000000111111111111111111111111110000000000000000000000000000000000000000000000000000000000000000000000000
011111111111111111111111111111111111111111000000001111111111111111111111111111111100000000000000000001111111111111111111111111000000000000000000111111111111111111111111110000000000000000000000000000000000000000000000000000000000000000000000000
011111111111111111111111111111111111111111000000001111111111111111111111111111111100000000000000001111111111111111111111111111000000000000000000111111111111111111111111110000000000000000000000000000000000000000000000000000000000000000000000000
011111111111111111111111111111111111111111000000001111111111111111111111111111111100000000000000001111111111111111111111111111000000000000000000111111111111111111111111110000000000000000000000000000000000000000000000000000000000000000000000000
011111111111111111111111111111111111111111000000000000000011111111111111111111111100000000000000111111111111111111111111111111000000000000000000111111111111111111111111111111111100000000000000000000000000000000000000000000000000000000000000000
011111111111111111111111111111111111111111000000000000000011111111111111111111111100000000000000111111111111111111111111111111000000000000000000111111111111111111111111111111111100000000000000000000000000000000000000000000000000000000000000000
011111111111111111111111111111111111111111000000000000000011111111111111111111111100000000000001111111111111111111111111111111000000000000000001111111111111111111111111111111111100000000000000000000000000000000000000000000000000000000000000000
011111111111111111111111111111111111111111000000000000000011111111111111111111111100000000000001111111111111111111111111111111000000000000000011111111111111111111111111111111111100000000000000000000000000000000000000000000000000000000000000000
011111111111111111000000001111111111111111000000000000000011111111111111111111111100000000000011111111111111110000111111111111000000000000000011111111111111111111111111111111111100000000000011111111111111111111111111111111111111111111111111110
011111111111111111000000001111111111111111000000000000000111111111111111111111111100000000000011111111111111110000111111111111000000000000000011111111111111111111111111111111111100000000000011111111111111111111111111111111111111111111111111110
011111111111111111000000001111111111111111000000000000001111111111111111111111111100000000000011111111111111110000111111111111000000000000111111111111111111111111111111111111111100000000000011111111111111111111111111111111111111111111111111110
011111111111111111000000001111111111111111000000000000111111111111111111111111111100000000000011111111111111110000111111111111000000000000111111111111111111111111111111111111111100000000000011111111111111111111111111111111111111111111111111110
011111111111111111000000000000111111111111000000000001111111111111111111111111111111110000000111111111111111111111111111111111000000001111111111111111111111111111111111111111000000000000000011111111111111111111111111111111111111111111111111110
011111111111111111000000000000111111111111000000000011111111111111111111111111111111110000000111111111111111111111111111111111000000001111111111111111111111111111111111111111000000000000000011111111111111111111111111111111111111111111111111110
011111111111111111000000000000111111111111000000000111111111111111111111111111111111110000001111111111111111111111111111111111111111111111111111111111111111111111111111111111000000000000000011111111111111111111111111111111111111111111111111110
011111111111111111000000000000111111111111000000001111111111111111111111111111111111110000001111111111111111111111111111111111111111111111111111111111111111111111111111111111000000000000000011111111111111111111111111111111111111111111111111110
001111111111111111111100000000111111111111111111111111111111111111000011111111111111110000001111111111111111111111111111111111111111111111111111111111111111111111111111111111000000000000000011111111111111111111111111111111111111111111111111110
001111111111111111111100000000111111111111111111111111111111111111000011111111111111110000001111111111111111111111111111111111111111111111111111111111111111111111111111111111000000000000000011111111111111111111111111111111111111111111111111110
001111111111111111111100000000111111111111111111111111111111111111000011111111111111110000111111111111111111111111111111111111111111111111111111111111111111111111111111111111000000000000000011111111111111111111111111111111111111111111111111110
001111111111111111111100000000111111111111111111111111111111111111000011111111111111110000111111111111111111111111111111111111111111111111111111111111111111111111111111111111000000000000000011111111111111111111111111111111111111111111111111110
001111111111111111111111110000000011111111111111111111111111111111111111111111111111111111111111111111111111110000111111111111111111111111111100001111111111111111111111111111111100000000000011111111111111111111111111111111111111111111111111110
001111111111111111111111110000000011111111111111111111111111111111111111111111111111111111111111111111111111110000111111111111111111111111111100001111111111111111111111111111111100000000000011111111111111111111111111111111111111111111111111110
001111111111111111111111110000000011111111111111111111111111111111111111111111111111111111111111111111111111110000111111111111111111111111111100001111111111111111111111111111111100000000000011111111111111111111111111111111111111111111111111110
001111111111111111111111110000000011111111111111111111111111111111111111111111111111111111111111111111111111110000111111111111111111111111111100001111111111111111111111111111111100000000000011111111111111111111111111111111111111111111111111110
001111111111111111111111110000000011111111111111111111111111111111111111111111111111111111111111111111111111111111111111111111111111111111000011111111111111110000111111111111000000000000000011111111111111111111111111111111111111111111111111110
001111111111111111111111110000000011111111111111111111111111111111111111111111111111111111111111111111111111111111111111111111111111111111000011111111111111110000111111111111000000000000000011111111111111111111111111111111111111111111111111110
001111111111111111111111110000000011111111111111111111111111111111111111111111111111111111111111111111111111111111111111111111111111111111000011111111111111110000111111111111000000000000000011111111111111111111111111111111111111111111111111110
001111111111111111111111110000000011111111111111111111111111111111111111111111111111111111111111111111111111111111111111111111111111111111000011111111111111110000111111111111000000000000000011111111111111111111111111111111111111111111111111110
001111111111111111111111110000000000000000000011111111111111111111111111111111111111111111111111111111111111111111111111111111111111111111000011111111111111111111111111111111111100000000000011111111111111111111111111111111111111111111111111110
001111111111111111111111110000000000000000000011111111111111111111111111111111111111111111111111111111111111111111111111111111111111111111000011111111111111111111111111111111111100000000000011111111111111111111111111111111111111111111111111110
001111111111111111111111110000000000000000000011111111111111111111111111111111111111111111111111111111111111111111111111111111111111111111000011111111111111111111111111111111111100000000000011111111111111111111111111111111111111111111111111110
001111111111111111111111110000000000000000000011111111111111111111111111111111111111111111111111111111111111111111111111111111111111111111000011111111111111111111111111111111111100000000000011111111111111111111111111111111111111111111111111110
001111111111111111111111111111111100000000000011111111111111111111111111110000111111111111111111111111111111111111111111111111111111111111000011111111111111111111111111111111111100000000000011111111111111111111111111111111111111111111111100000
001111111111111111111111111111111100000000000011111111111111111111111111110000111111111111111111111111111111111111111111111111111111111111000011111111111111111111111111111111111100000000000011111111111111111111111111111111111111111111111100000
001111111111111111111111111111111100000000000011111111111111111111111111110000111111111111111111111111111111111111111111111111111111111111000011111111111111111111111111111111111100000000000011111111111111111111111111111111111111111111111100000
001111111111111111111111111111111100000000000011111111111111111111111100000000111111111111111111111111111111111111111111111111111111111111000011111111111111111111111111111111111100000000000011111111111111111111111111111111111111111111111100000
001111111111111111111111111111111100000000000011111111111111111111111000001111111111111111111111111111111111111111111111111111111111110000000011111111111111111111111111111111000000000000000011111111111111111111111111111111111111111111111100000
001111111111111111111111111111111100000000000011111111111111111111110000001111111111111111111111111111111111111111111111111111111111110000000011111111111111111111111111111111000000000000000011111111111111111111111111111111111111111111111100000
001111111111111111111111111111111100000000000011111111111111111111110000001111111111111111111111111111111111111111111111111111111111110000000011111111111111111111111111111111000000000000000011111111111111111111111111111111111111111111111100000
001111111111111111111111111111111100000000000011111111111111111111110000001111111111111111111100000000011111111111111111111111111111110000000011111111111111111111111111111111000000000000000011111111111111111111111111111111111111111111111100000
001111111111111111111111111111111100000000000011111111111111111111000000011111111111111111110000000000000000000000111111111111111111110000000011111111111111111111111111111111000000000000111111111111111111111111111111111111111111111111111100000
001111111111111111111111111111111100000000000011111111111111111111000000111111111111111111000000000000000000000000111111111111111111110000000011111111111111111111111111111111000000000000111111111111111111111111111111111111111111111111111100000
001111111111111111111111111111111100000000000011111111111111111111000000111111111111111110000000000000000000000000111111111111111111110000000011111111111111111111111111111111000000000000111111111111111111111111111111111111111111111111111100000
001111111111111111111111111111111100000000000011111111111111111111000011111111111111111110000000000000000000000000111111111111111111110000000011111111111111111111111111111111000000000000111111111111111111111111111111111111111111111111111100000
000000000110000000110000111111111100000000111111111111111111110000000011111111111111111110000000000000000000000011111111111111111111110000000000001111000011110000111111110000000000000000000011111111111111111111111111111111111111111111000000000
000000000000000000000000011111111100000000111111111111111111110000000011111111111111111110000000000000000000000011111111111111111111110000000000001111000011110000111111110000000000000000000011111111111111111111111111111111111111111111000000000
000000000000000000000000011111111100000000111111111111111111110000000011111111111111111100000000000000000000000011111111111111111111110000000000001111000011110000111111110000000000000000000011111111111111111111111111111111111111111111000000000
000000000000000000000000001111111100000000111111111111111111110000000011111111111111111100000000000000000000000011111111111111111111110000000000001111000011110000111111110000000000000000000011111111111111111111111111111111111111111111000000000
000000000000000000000000001111111100000000000000000000000000001111111111111111111111111100000000000000000000000011111111111111111111110000000000000000000000000000111111110000000000000000000000000000000011111111111111111111111111111111111100000
000000000000000000000000001111111100000000000000000000000000001111111111111111111111111100000000000000000000000011111111111111111111110000000000000000000000000000111111110000000000000000000000000000000011111111111111111111111111111111111100000
000000000000000000000000001111111100000000000000000000000000001111111111111111111111111100000000000000000000000011111111111111111111110000000000000000000000000000111111110000000000000000000000000000000011111111111111111111111111111111111100000
000000000000000000000000001111111100000000000000000000000000001111111111111111111111111100000000000000000000000011111111111111111111110000000000000000000000000000111111110000000000000000000000000000000011111111111111111111111111111111111100000
000000000000000000000000011111111111111111111100001111111111111111111111111111111111111100000000000000000000000011111111111111111111111111111111111111111111111111111111111111111111111111111111111111111111111111111111111111111111111111111100000
000000000000000000000011111111111111111111111100001111111111111111111111111111111111111100000000000000000000000011111111111111111111111111111111111111111111111111111111111111111111111111111111111111111111111111111111111111111111111111111100000
000000000000000000000011111111111111111111111100001111111111111111111111111111111111111100000000000000000000000011111111111111111111111111111111111111111111111111111111111111111111111111111111111111111111111111111111111111111111111111111100000
000000000000000000000011111111111111111111111100001111111111111111111111111111111111111100000000000000000000000011111111111111111111111111111111111111111111111111111111111111111111111111111111111111111111111111111111111111111111111111111100000
000000000000001111111111111111111111111111111111111111111111111111111111111111111100001100000000000000000000000000000011111111111111111111111111111111111111111111111111111111111111111111111111111111111111111111111111111111111111111111111100000
000000000000001111111111111111111111111111111111111111111111111111111111111111111100001100000000000000000000000000000011111111111111111111111111111111111111111111111111111111111111111111111111111111111111111111111111111111111111111111111100000
000000000000001111111111111111111111111111111111111111111111111111111111111111111100001100000000000000000000000000000011111111111111111111111111111111111111111111111111111111111111111111111111111111111111111111111111111111111111111111111100000
000000000000001111111111111111111111111111111111111111111111111111111111111111111100001100000000000000000000000000000011111111111111111111111111111111111111111111111111111111111111111111111111111111111111111111111111111111111111111111111100000
000000001111111111111111111111111111111111111111111111111111111111111111111111111111111100000000000000000000000000000011111111111111111111111111111111111111111111111111111111111111111111111111111111111111111111111111111111111111111111111100000
000000111111111111111111111111111111111111111111111111111111111111111111111111111111111100000000000000000000000000000011111111111111111111111111111111111111111111111111111111111111111111111111111111111111111111111111111111111111111111111100000
000000111111111111111111111111111111111111111111111111111111111111111111111111111111111100000000000000001111110000000011111111111111111111111111111111111111111111111111111111111111111111111111111111111111111111111111111111111111111111111100000
000000111111111111111111111111111111111111111111111111111111111111111111111111111111111100000000000000001111110000000011111111111111111111111111111111111111111111111111111111111111111111111111111111111111111111111111111111111111111111111100000
001111111111111111111111111111111111111111111111111111111111111111111111111111111100000000111111111111111111111111111111111111111111111111111111111111111111111111111111111111111111111111111111111111111111111111111111111111111111111111000000000
001111111111111111111111111111111111111111111111111111111111111111111111111111111100000000111111111111111111111111111111111111111111111111111111111111111111111111111111111111111111111111111111111111111111111111111111111111111111111111000000000
001111111111111111111111111111111111111111111111111111111111111111111111111111111100000000111111111111111111111111111111111111111111111111111111111111111111111111111111111111111111111111111111111111111111111111111111111111111111111111000000000
001111111111111111111111111111111111111111111111111111111111111111111111111111111100000000111111111111111111111111111111111111111111111111111111111111111111111111111111111111111111111111111111111111111111111111111111111111111111111111000000000
001111111111111111111111111111111111111111111100001111111111111111111111111111111111111111111111111111000011111111111111111111000011111111111111111111111111111111111111110000000000000000000000000000000011111111111111111111111111111111111100000
001111111111111111111111111111111111111111111100001111111111111111111111111111111111111111111111111111000011111111111111111111000011111111111111111111111111111111111111110000000000000000000000000000000011111111111111111111111111111111111100000
001111111111111111111111111111111111111111111100001111111111111111111111111111111111111111111111111111000011111111111111111111000011111111111111111111111111111111111111000000000000000000000000000000000011111111111111111111111111111111111100000
001111111111111111111111111111111111111111111100001111111111111111111111111111111111111111111111111111000011111111111111111111000011111111111111111111111111111111111111000000000000000000000000000000000011111111111111111111111111111111111100000
001111111111111111111111111111111111111111000000001111111111111111111111111111111111111111111111111111111111111111111111111111111111110000000000000000000011111111000000000000000000000000000111111111111111111111111111111111111111111111111100000
000111111111111111111111111111111111111111000000001111111111111111111111111111111111111111111111111111111111111111111111111111111111110000000000000000000011111111000000000000000000000000000111111111111111111111111111111111111111111111111100000
000111111111111111111111111111111111111111000000001111111111111111111111111111111111111111111111111111111111111111111111111111111111110000000000000000000011111111000000000000000000000000000111111111111111111111111111111111111111111111111100000
000111111111111111111111111111111111111111000000001111111111111111111111111100011111111111111111111111111111111111111111111111111111110000000000000000000011111111000000000000000000000000001111111111111111111111111111111111111111111111111100000
000111111111111111111111111111111111111111000011111111111111111111111111110000000011111111111111111111111111111111111111111111000000000000000000000000000011111111000000000000000000000000011111111111111111111111111111111111111111111111111100000
000111111111111111111111111111111111111111000011111111111111111111111111100000000000000001111111111111111111111111111111111111000000000000000000000000000011111111000000000000000000000000011111111111111111111111111111111111111111111111111100000
000111111111111111111111111111111111111111000011111111111111111111111111000000000000000000001111111111111111111111111111111111000000000000000000000000000011111111000000000000000000000000011111111111111111111111111111111111111111111111111100000
001111111111111111111111111111111111111111000011111111111111111111111110000000000000000000000111111111111111111111111111111111000000000000000000000000000011111111000000000000000000000000111111111111111111111111111111111111111111111111111100000
001111111111111111111111111111111111110000000000001111111111111111000000000000000000000000000111111111111111111111111111110000111111111111111111110000000011111111000000000000000000000000111111111111111111111111111111111111111111111111111111110
001111111111111111111111111111111111110000000000001111111111111111000000000000000000000000000001111111111111111111111111110000111111111111111111110000000011111111000000000000000000000000111111111111111111111111111111111111111111111111111111110
001111111111111111111111111111111111110000000000001111111111111111000000000000000000000000000000111111111111111111111111110000111111111111111111110000000011111111000000000000000000000000111111111111111111111111111111111111111111111111111111110
001111111111111111111111111111111111110000000000001111111111111111000000000000000000000000000000111111111111111111111111110000111111111111111111110000000011111111000000000000000000000000111111111111111111111111111111111111111111111111111111110
001111111111111111111111111111111111110000000000001111111111111111000000000000000000000000000000011111111111111111111100001111111111111111111111111111000011111111111111111111000000000000111111111111111111111111111111111111111111111111111111110
001111111111111111111111111111111111110000000000001111111111111111000000000000000000000000000000001111111111111111111100001111111111111111111111111111000011111111111111111111000000000000111111111111111111111111111111111111111111111111111111110
000111111111111111111111111111111111110000000000001111111111111111000000000000000000000000000000000111111111111111111100001111111111111111111111111111000011111111111111111111000000000000111111111111111111111111111111111111111111111111111111110
000011111111111111111111111111111111110000000000001111111111111111000000000000000000000000000000000111111111111111111100001111111111111111111111111111000011111111111111111111000000000000111111111111111111111111111111111111111111111111111111110
000001111111111111111111111111111111110000000011111111111111111111111111111111111100000000000000000111111111111111000011111111111111111111111111111111111111111111111111111111000000000000111111111111111111111111111111111111111111111111111111110
000000111111111111111111111111111111110000000011111111111111111111111111111111111100000000000000000111111111111111000011111111111111111111111111111111111111111111111111111111000000000000111111111111111111111111111111111111111111111111111111110
000000111111111111111111111111111111110000000011111111111111111111111111111111111111111111000000000111111111111111000011111111111111111111111111111111111111111111111111111111000000000000111111111111111111111111111111111111111111111111111111110
000000111111111100001111111111111111110000000011111111111111111111111111111111111111111111000000001111111111111111000011111111111111111111111111111111111111111111111111111111000000000000111111111111111111111111111111111111111111111111111111110
000000000000000000001110000000111100000000111111111111111111111111111111111111111111111111000000111111111111111111000000001111111111110000000011111111111111111111111111110000000000000000111111111111111111111111111111111111111111111111111111110
000000000000000000001110000000111100000000111111111111111111111111111111111111111111111111000011111111111111111111000000001111111111110000000011111111111111111111111111110000000000000000111111111111111111111111111111111111111111111111111111110
000000000000000000111110000000111100000000111111111111111111111111111111111111111111111111000011111111111111111111000000001111111111110000000011111111111111111111111111110000000000000000111111111111111111111111111111111111111111111111111111110
000000000000000000111110000000111100000000111111111111111111111111111111111111111111111111000011111111111111111111000000001111111111110000000011111111111111111111111111110000000000000000111111111111111111111111111111111111111111111111111111110
000000000000000011111110000000000000000000111111111111111111111111111111111111111111111111111111111111111111111111000011111111111111111111000011111111111111111111111111111111111100000000111111111111111111111111111111111111111111111111111111110
000000000000000011111110000000000000000000111111111111111111111111111111111111111111111111111111111111111111111111000011111111111111111111000011111111111111111111111111111111111100000000111111111111111111111111111111111111111111111111111111110
000000000000000111111111000000000000000000111111111111111111111111111111111111111111111111111111111111111111111111000011111111111111111111000011111111111111111111111111111111111100000000111111111111111111111111111111111111111111111111111111110
000000000000001111111111000000000000000000111111111111111111111111111111111111111111111111111111111111111111111111000011111111111111111111000011111111111111111111111111111111111100000000111111111111111111111111111111111111111111111111111111110
000000000000011111111111111111000000000000111111111111111111111111111111111111111111111111111111111111111111111111000011111111111111111111000011111111111111111111111111111111111100000000111111111111111111111111111111111111111111111111111111110
000000000000111111111111111111000000000000111111111111111111111111111111111111111111111111111111111111111111111111000011111111111111111111000011111111111111111111111111111111111100000000111111111111111111111111111111111111111111111111111111110
000000000001111111111111111111000000000000111111111111111111111111111111111111111111111111111111111111111111111111000011111111111111111111000011111111111111111111111111111111111100000000111111111111111111111111111111111111111111111111111111110
000000000011111111111111111111000000000000111111111111111111111111111111111111111111111111111111111111111111111111000011111111111111111111000011111111111111111111111111111111111100000000111111111111111111111111111111111111111111111111111111110
000000111111111111111111111111000000000000111111111111111111111111000011111111111111111111111100001111111111111111111111111111111111110000111111111111111111110000111111111111111100000000111111111111111111111111111111111111111111111111111111110
000000111111111111111111111111000000000000111111111111111111111111000011111111111111111111111000001111111111111111111111111111111111110000111111111111111111110000111111111111111100000000111111111111111111111111111111111111111111111111111111110
000000111111111111111111111111000000000000111111111111111111111111000011111111111111111111111000000111111111111111111111111111111111110000111111111111111111110000111111111111111100000000111111111111111111111111111111111111111111111111111111110
000000111111111111111111111111000000000000111111111111111111111111000011111111111111111111111000000111111111111111111111111111111111110000111111111111111111110000111111111111111100000000111111111111111111111111111111111111111111111111111111110
001111111111111111111111111111111111111111111111111111111111111111111111111111111111111111000000000111111111111111111111111111111111110000111111111111111111110000111111111111000000000000111111111111111111111111111111111111111111111111111111110
001111111111111111111111111111111111111111111111111111111111111111111111111111111111111111000000000111111111111111111111111111111111110000111111111111111111110000111111111111000000000000111111111111111111111111111111111111111111111111111111110
001111111111111111111111111111111111111111111111111111111111111111111111111111111111111111000000000111111111111111111111111111111111110000111111111111111111110000111111111111000000000000111111111111111111111111111111111111111111111111111111110
001111111111111111111111111111111111111111111111111111111111111111111111111111111111111111000000000111111111111111111111111111111111110000111111111111111111110000111111111111000000000000111111111111111111111111111111111111111111111111111111110
011111111111111111111111111111111111111111111111111111111111111111111111111111111111111111000000001111111111111111111111111111111111110000111111111111111111111111111111111111111100000000111111111111111111111111111111111111111111111111111111110
011111111111111111111111111111111111111111111111111111111111111111111111111111111111111111000000001111111111111111111111111111111111110000111111111111111111111111111111111111111100000000111111111111111111111111111111111111111111111111111111110
011111111111111111111111111111111111111111111111001111111111111111111111111111111111111111000000001111111111111111111111111111111111110000111111111111111111111111111111111111111100000000111111111111111111111111111111111111111111111111111111110
011111111111111111111111111111111111111111111111001111111111111111111111111111111111111111000000001111111111111111111111111111111111110000111111111111111111111111111111111111111100000000111111111111111111111111111111111111111111111111111111110
011111111111111111111111111111111111111111000000001111111111111111111111111111111111110000000000001111111111111111111111111111111111111111111111111111111111111111111111111111111100000000111111111111111111111111111111111111111111111111111111110
011111111111111111111111111111111111111111000000001111111111111111111111111111111111110000000000001111111111111111111111111111111111111111111111111111111111111111111111111111111000000000111111111111111111111111111111111111111111111111111111110
011111111111111111111111111111111111111111000000001111111111111111111111111111111111110000000000001111111111111111111111111111111111111111111111111111111111111111111111111111111000000000111111111111111111111111111111111111111111111111111111110
011111111111111111111111111111111111111110000000001111111111111111111111111111111111110000000000001111111111111111111111111111111111111111111111111111111111111111111111111111110000000000111111111111111111111111111111111111111111111111111111110
011111111111111111111111111111111111110000000000001111111111111111111111111111000000000000000000001111111111111111111111111111111111111111000011111111111111111111111111111111000000000000111111111111111111111111111111111111111111111111111111110
000001111111111111111111111111111111110000000000001111111111111111111111111111000000000000000000001111111111111111111111111111111111111111000011111111111111111111111111111111000000000000111111111111111111111111111111111111111111111111111111110
000000111111111111111111111111111111110000000000001111111111111111111111111111000000000000000000001111111111111111111111111111111111111111000011111111111111111111111111111110000000000000111111111111111111111111111111111111111111111111111111110
000000111111111111111111111111111111110000000000000111111111111111111111111111000000000000000000001111111111111111111111111111111111111111000011111111111111111111111111111100000000000000111111111111111111111111111111111111111111111111111111110
000000111111111111111111111111111100000000000000000111111111111111111111110000000000000000000000001111111111111111111111110000000000001111111111111111111111111111111111110000000000000000111111111111111111111111111111111111111111111111111111110
000000111111111111111111111111111100000000000000000111111111111111111111110000000000000000000000001111111111111111111111110000000000001111111111111111111111111111111111100000000000000000111111111111111111111111111111111111111111111111111111110
000000000000000011111111111111111100000000000000001111111111111111111111110000000000000000000000001111111111111111111111110000000000001111111111111111111111111111111111000000000000000000111111111111111111111111111111111111111111111111111111110
000000000000000001111111110000000100000000000000001111111111111111111111110000000000000000000000001111111111111111111111110000000000001111111111111111111111111111111110000000000000000000111111111111111111111111111111111111111111111111111111110
000000000000000001111111000000000000000000000000000000000000000000000000000000000000000000000000000000000000001111000000000000000000000000000000000000000000000000000000000000000000000000111111111111111111111111111111111111111111111111111111110
000000000000000001111100000000000000000000000000000000000000000000000000000000000000000000000000000000000000000000000000000000000000000000000000000000000000000000000000000000000000000000111111111111111111111111111111111111111111111111111111110
000000000000000000000000000000000000000000000000000000000000000000000000000000000000000000000000000000000000000000000000000000000000000000000000000000000000000000000000000000000000000000111111111111111111111111111111111111111111111111111111110
000000000000000000000000000000000000000000000000000000000000000000000000000000000000000000000000000000000000000000000000000000000000000000000000000000000000000000000000000000000000000000111111111111110000000000111111111111111111110000000001110
000000000000000000000000000000000000000000000000000000000000000000000000000000000000000000000000000000000000000000000000000000000000000000000000000000000000000000000000000000000000000000111111111110000000000000000000000001110000000000000000000
000000000000000000000000000000000000000000000000000000000000000000000000000000000000000000000000000000000000000000000000000000000000000000000000000000000000000000000000000000000000000000110000000000000000000000000000000000000000000000000000000
