-11
239
-105
105
00000000000000000000000000000000000000000000000000000000000000000000000000000000000000000000000000000000000000000000000000000000000000000000000000000000000000000000000000000000000000000000000000000000000000000000000000000000000000000000000000000000000
00000000000000000000000000000000000000000000000000000000000000000000000000000000000000000000000000000000000000000000000000000000000000000000000000000000000011111100001111000000000000000000000000000000000000000000000000000000000000000000000000000000000
00000000000000000000000000000000000000000000000000000000000000000000000000000000000000000000000000000000000000000000000000000000000000000000000000000000000011111100001111000000000000000000000000000000000000000000000000000000000000000000000000000000000
00000000000000000000000000000000000000000000000000000000000000000000000000000000000000000000000000000000000000000000000000000000000000000000000011111111001111111111111111000000000000000000000000000000000000000000000000000000000000000000000000000000000
00000000000000000000000000000000000000000000000000000000000000000000000000000000000000000000000000000000000000000000000000000000000000000000000011111111001111111111111111000000000000000000000000000000000000000000000000000000000000000000000000000000000
00000000000000000000000000000000000000000000000000000000000000000000000000000000000000000000000000000000000000000000000000000000000000000000001111111111111111111111111111110011111100000000000000000000000000000000000000000000000000000000000000000000000
00000000000000000000000000000000000000000000000000000000000000000000000000000000000000000000000000000000000000000000000000000000000000000000001111111111111111111111111111110011111100000000000000000000000000000000000000000000000000000000000000000000000
00000000000000000000000000000000000000000000000000000000000000000000000000000000000000000000000000000000000000000000000000000000000000111111111111111111111111111111111111111111111100000000000000000000000000000000000000000000000000000000000000000000000
00000000000000000000000000000000000000000000000000000000000000000000000000000000000000000000000000000000000000000000000000000000000000111111111111111111111111111111111111111111111100000000000000000000000000000000000000000000000000000000000000000000000
00000000000000000000000000000000000000000000000000000000000000000000000000000000000000000000000000000000000000000000000011110000000011111111111111111111111111111111111111111111111100000000000000000000000000000000000000000000000000000000000000000000000
00000000000000000000000000000000000000000000000000000000000000000000000000000000000000000000000000000000000000000000000011110000000011111111111111111111111111111111111111111111111100000000000000000000000000000000000000000000000000000000000000000000000
00000000000000000000000000000000000000000000000000000000000000000000000000000000000000000000000000000000000000000000000011110000111111111111110000000011111111111111111111111111111100000000000000000000000000000000000000000000000000000000000000000000000
00000000000000000000000000000000000000000000000000000000000000000000000000000000000000000000000000000000000000000000000011110000111111111111110000000011111111111111111111111111111100000000000000000000000000000000000000000000000000000000000000000000000
00000000000000000000000000000000000000000000000000000000000000000000000000000000000000000000000000000000000000000000000000000011111111111111110000000011111111111111111111111111111111000000000000000000000000000000000000000000000000000000000000000000000
00000000000000000000000000000000000000000000000000000000000000000000000000000000000000000000000000000000000000000000000000000011111111111111110000000011111111111111111111111111111111000000000000000000000000000000000000000000000000000000000000000000000
00000000000000000000000000000000000000000000000000000000000000000000000000000000000000000000000000000000000000000000000000001111111111111100000000111111111111111111111111111111111111111111111111111100001111111111000000000000000000000000000000000000000
00000000000000000000000000000000000000000000000000000000000000000000000000000000000000000000000000000000000000000000000000001111111111111100000000111111111111111111111111111111111111111111111111111100001111111111000000000000000000000000000000000000000
00000000000000000000000000000000000000000000000000000000000000000000000000000000000000000000000000000000000000000011111111111111111111111100000000111111111111111111111111111111111111111111111111111100001111111111000000000000000000000000000000000000000
00000000000000000000000000000000000000000000000000000000000000000000000000000000000000000000000000000000000000000011111111111111111111111100000000111111111111111111111111111111111111111111111111111100001111111111000000000000000000000000000000000000000
00000000000000000000000000000000000000000000000000000000000000000000000000000000000000000000000000000000001111111111111111111100000000111111110000000000001111111111111111111111111111111111111111000000000000111111111100000000000000000000000000000000000
00000000000000000000000000000000000000000000000000000000000000000000000000000000000000000000000000000000001111111111111111111100000000111111110000000000001111111111111111111111111111111111111111000000000000111111111100000000000000000000000000000000000
00000000000000000000000000000000000000000000000000000000000000000000000000000000000000000000000000000000001111111111111111111100000000111111110000000000001111111111111111111111111111111111111111000000000000111111111100000000000000000000000000000000000
00000000000000000000000000000000000000000000000000000000000000000000000000000000000000000000000000000000001111111111111111111100000000111111110000000000001111111111111111111111111111111111111111000000000000111111111100000000000000000000000000000000000
00000000000000000000000000000000000000000000000000000000000000000000000000000000000000000000000000111111111111111100000000000000000000000000001111000011110000111111111111111111111111111100000000000011110000111111111100000000000000000000000000000000000
00000000000000000000000000000000000000000000000000000000000000000000000000000000000000000000000000111111111111111100000000000000000000000000001111000011110000111111111111111111111111111100000000000011110000111111111100000000000000000000000000000000000
00000000000000000000000000000000000000000000000000000000000000000000000000000000000000000000000011111111111111111100000000000000000000000000001111000011110000111111111111111111111111111100000000000011110000111111111111000000000000000000000000000000000
00000000000000000000000000000000000000000000000000000000000000000000000000000000000000000000000011111111111111111100000000000000000000000000001111000011110000111111111111111111111111111100000000000011110000111111111111000000000000000000000000000000000
00000000000000000000000000000000000000000000000000000000000000000000000000000000000000000000000011111111110000000000000000000011110000000000000000000000001111000000001111111111110000000011110000000000001111000000001111000000000000000000000000000000000
00000000000000000000000000000000000000000000000000000000000000000000000000000000000000000000000011111111110000000000000000000011110000000000000000000000001111000000001111111111110000000011110000000000001111000000001111000000000000000000000000000000000
00000000000000000000000000000000000000000000000000000000000000000000000000000000000000000000001111111111110000000000000000000011110000000000000000000000001111000000001111111111110000000011110000000000001111000000001111000000000000000000000000000000000
00000000000000000000000000000000000000000000000000000000000000000000000000000000000000000000001111111111110000000000000000000011110000000000000000000000001111000000001111111111110000000011110000000000001111000000001111000000000000000000000000000000000
00000000000000000000000000000000000000000000000000000000000000000000000000000000000000000011111111000000000000000000000000000000001111111111111111000000000000111100000000000011110000000000000000000000001111000011110000110000000000000000000000000000000
00000000000000000000000000000000000000000000000000000000000000000000000000000000000000000011111111000000000000000000000000000000001111111111111111000000000000111100000000000011110000000000000000000000001111000011110000110000000000000000000000000000000
00000000000000000000000000000000000000000000000000000000000000000000000000000000000000001111111111000000000000000000000000000000001111111111111111000000000000111100000000000011110000000000000000000000001111000011110000110000000000000000000000000000000
00000000000000000000000000000000000000000000000000000000000000000000000000000000000000001111111111000000000000000000000000000000001111111111111111000000000000111100000000000011110000000000000000000000001111000011110000110000000000000000000000000000000
00000000000000000000000000000000000000000000000000000000000000000000000000000000000011111100000000000000000000000000000000000011111111111111111111000000000000111100000000000011110000000000000000000000001111111111111111000000000000000000000000000000000
00000000000000000000000000000000000000000000000000000000000000000000000000000000000011111100000000000000000000000000000000000011111111111111111111000000000000111100000000000011110000000000000000000000001111111111111111000000000000000000000000000000000
00000000000000000000000000000000000000000000000000000000000000000000000000000000001111111100000000000000000000000000000000000011111111111111111111000000000000111100000000000011110000000000000000000000001111111111111111000011110000000011111100000000000
00000000000000000000000000000000000000000000000000000000000000000000000000000000001111111100000000000000000000000000000000000011111111111111111111000000000000111100000000000011110000000000000000000000001111111111111111000011110000000011111100000000000
00000000000000000000000000000000000000000000000000000000000000000000000011111111110000000000000000000000000000000000001111111111111111111111111111111100000000000011111111000000000000111111111111000000000000000000000000111100001111000011110000000000000
00000000000000000000000000000000000000000000000000000000000000000000000011111111110000000000000000000000000000000000001111111111111111111111111111111100000000000011111111000000000000111111111111000000000000000000000000111100001111000011110000000000000
00000000000000000000000000000000000000000000000000000000000000000000001111111111110000000000000000000000000000000000001111111111111111111111111111111100000000000011111111000000000000111111111111000000000000000000000000111100001111000011110000000000000
00000000000000000000000000000000000000000000000000000000000000000000001111111111110000000000000000000000000000000000001111111111111111111111111111111100000000000011111111000000000000111111111111000000000000000000000000111100001111000011110000000000000
00000000000000000000000000000000000000000000000000000000000000000000001111111100000000000000000000000000001111111111111111111111111111111111110000111111110000000000000000111111111111111111111111111100000000000000000000000011110000111111111100000000000
00000000000000000000000000000000000000000000000000000000000000000000001111111100000000000000000000000000001111111111111111111111111111111111110000111111110000000000000000111111111111111111111111111100000000000000000000000011110000111111111100000000000
00000000000000000000000000000000000000000000000000000000000000000011111111111100000000000000000000000000001111111111111111111111111111111111110000111111110000000000000000111111111111111111111111111100000000000000000000000011110000111111111111111111000
00000000000000000000000000000000000000000000000000000000000000000011111111111100000000000000000000000000001111111111111111111111111111111111110000111111110000000000000000111111111111111111111111111100000000000000000000000011110000111111111111111111000
00000000000000000000000000000000000000000000000000000000001100000011110000000000000000000000000000000011111111111111111111111111111111111111111111111111110000000011111111111111111111111111111111111111111111000000000000111111111111111111111111111111110
00000000000000000000000000000000000000000000000000000000001100000011110000000000000000000000000000000011111111111111111111111111111111111111111111111111110000000011111111111111111111111111111111111111111111000000000000111111111111111111111111111111110
00000000000000000000000000000000000000000000000000000000110000001111110000000000000000000000000000000011111111111111111111111111111111111111111111111111110000000011111111111111111111111111111111111111111111000000000000111111111111111111111111111111110
00000000000000000000000000000000000000000000000000000000110000001111110000000000000000000000000000000011111111111111111111111111111111111111111111111111110000000011111111111111111111111111111111111111111111000000000000111111111111111111111111111111110
00000000000000000000000000000000000000000000111100001111110000111100000000000000000000000011111111111111111111111111111111111111111111111111111111111111110000111111111111111111111111111111111111111111111111111111111111111111111111111111111111111111110
00000000000000000000000000000000000000000000111100001111110000111100000000000000000000000011111111111111111111111111111111111111111111111111111111111111110000111111111111111111111111111111111111111111111111111111111111111111111111111111111111111111110
00000000000000000000000000000000000000000011111111111111000000111100000000000000000000000011111111111111111111111111111111111111111111111111111111111111110000111111111111111111111111111111111111111111111111111111111111111111111111111111111111111111000
00000000000000000000000000000000000000000011111111111111000000111100000000000000000000000011111111111111111111111111111111111111111111111111111111111111110000111111111111111111111111111111111111111111111111111111111111111111111111111111111111111111000
00000000000000000000000000000000000000000011111111111100000011000000000000000000000000000011111111111111111111111111111111111111111111111111111111111111111111111111111111111111111111111111111111111111111111111111111111111111111111111111111111110000000
00000000000000000000000000000000000000000011111111111100000011000000000000000000000000000011111111111111111111111111111111111111111111111111111111111111111111111111111111111111111111111111111111111111111111111111111111111111111111111111111111110000000
00000000000000000000000000000000000000000011111111000000001111000000000000000000000000000011111111111111111111111111111111111111111111111111111111111111111111111111111111111111111111111111111111111111111111111111111111111111111111111111111100000000000
00000000000000000000000000000000000000000011111111000000001111000000000000000000000000000011111111111111111111111111111111111111111111111111111111111111111111111111111111111111111111111111111111111111111111111111111111111111111111111111111100000000000
00000000000000000000000000000000000000000000110000000000111111000000000000111100001111111111111111111111111111111111111111111111111111111111111111111111111111000011111111000000001111111111111111111111111111111111111111111111111111111111111100000000000
00000000000000000000000000000000000000000000110000000000111111000000000000111100001111111111111111111111111111111111111111111111111111111111111111111111111111000011111111000000001111111111111111111111111111111111111111111111111111111111111100000000000
00000000000000000000000000000000000000000000000000001111111111000000000000111100001111111111111111111111111111111111111111111111111111111111111111111111111111000011111111000000001111111111111111111111111111111111111111111111111111111111000000000000000
00000000000000000000000000000000000000000000000000001111111111000000000000111100001111111111111111111111111111111111111111111111111111111111111111111111111111000011111111000000001111111111111111111111111111111111111111111111111111111111000000000000000
00000000000000000000000000000000000000000000000011111111111111000000000000000011111111111111111111111111111111111111111111111111111111111111111111111111111111111111110000000011111111111111111111111111111111111111111111000000000000111111111100000000000
00000000000000000000000000000000000000000000000011111111111111000000000000000011111111111111111111111111111111111111111111111111111111111111111111111111111111111111110000000011111111111111111111111111111111111111111111000000000000111111111100000000000
00000000000000000000000000000000000000001111111111111111111111000000000000000011111111111111111111111111111111111111111111111111111111111111111111111111111111111111110000000011111111111111111111111111111111111111111111000000000000111111111100000000000
00000000000000000000000000000000000000001111111111111111111111000000000000000011111111111111111111111111111111111111111111111111111111111111111111111111111111111111110000000011111111111111111111111111111111111111111111000000000000111111111100000000000
00000000000000000000000000000000000000111111111111000011111111000000000000000011111111111111111111111111111111111111111111000011111111111111111111111111111111111111110000000011111111111111111111111111111111000011110000111100000000000011110000000000000
00000000000000000000000000000000000000111111111111000011111111000000000000000011111111111111111111111111111111111111111111000011111111111111111111111111111111111111110000000011111111111111111111111111111111000011110000111100000000000011110000000000000
00000000000000000000000000000000000000111111111111000011111111000000000000000011111111111111111111111111111111111111111111000011111111111111111111111111111111111111110000000011111111111111111111111111111111000011110000111100000000000011110000000000000
00000000000000000000000000000000000000111111111111000011111111000000000000000011111111111111111111111111111111111111111111000011111111111111111111111111111111111111110000000011111111111111111111111111111111000011110000111100000000000011110000000000000
00000000000000000000000000000000000011111111111111111111111111000000000000111111111111111111111111111111111111111111111111111111111111111100001111111111111111111111110000000000000000000011111111111100000000000011110000000000000000000011110000000000000
00000000000000000000000000000000000011111111111111111111111111000000000000111111111111111111111111111111111111111111111111111111111111111100001111111111111111111111110000000000000000000011111111111100000000000011110000000000000000000011110000000000000
00000000000000000000000000000000001111111111111111111111111111000000000000111111111111111111111111111111111111111111111111111111111111111100001111111111111111111111110000000000000000000011111111111100000000000011110000000000000000000011110000000000000
00000000000000000000000000000000001111111111111111111111111111000000000000111111111111111111111111111111111111111111111111111111111111111100001111111111111111111111110000000000000000000011111111111100000000000011110000000000000000000011110000000000000
00000000000000000000000000000000111111111100000000111111110000000011110000111111111111111111111111111111111111111111111111111111111111111111111111111111111111111111110000000000000000000011110000111111111111000000000000000000000000111100000000000000000
00000000000000000000000000000000111111111100000000111111110000000011110000111111111111111111111111111111111111111111111111111111111111111111111111111111111111111111110000000000000000000011110000111111111111000000000000000000000000111100000000000000000
00000000000000000000000000000011111111111100000000111111110000000011110000111111111111111111111111111111111111111111111111111111111111111111111111111111111111111111110000000000000000000011110000111111111111000000000000000000000000111100000000000000000
00000000000000000000000000000011111111111100000000111111110000000011110000111111111111111111111111111111111111111111111111111111111111111111111111111111111111111111110000000000000000000011110000111111111111000000000000000000000000111100000000000000000
00000000000000000000000000000011111111000000001111000000000000111111111111111111111111111100000000111111111111111111111111111111111111111111111111111111111111111111110000000011111111111100000000000000000000111111111111000000111111000000000000000000000
00000000000000000000000000000011111111000000001111000000000000111111111111111111111111111100000000111111111111111111111111111111111111111111111111111111111111111111110000000011111111111100000000000000000000111111111111000000111111000000000000000000000
00000000000000000000000000000011111111000000001111000000000000111111111111111111111111111100000000111111111111111111111111111111111111111111111111111111111111111111110000000011111111111100000000000000000000111111110000000000000000000000000000000000000
00000000000000000000000000000011111111000000001111000000000000111111111111111111111111111100000000111111111111111111111111111111111111111111111111111111111111111111110000000011111111111100000000000000000000111111110000000000000000000000000000000000000
00000000000000000000000000001111111111000011111111000000000000111111111111111111111111111100000000111111111111111111111111111111111111111111111111111111111111111111111111000000001111000000001111111111111111111111000000000000000000000000000000000000000
00000000000000000000000000001111111111000011111111000000000000111111111111111111111111111100000000111111111111111111111111111111111111111111111111111111111111111111111111000000001111000000001111111111111111111111000000000000000000000000000000000000000
00000000000000000000000000001111111111000011111111000000000000111111111111111111111111111100000000111111111111111111111111111111111111111111111111111111111111111111111111000000001111000000001111111111111111111100000000000000000000000000000000000000000
00000000000000000000000000001111111111000011111111000000000000111111111111111111111111111100000000111111111111111111111111111111111111111111111111111111111111111111111111000000001111000000001111111111111111111100000000000000000000000000000000000000000
00000000000000000000000011111100001111111111110000000000001111111111111111111111111111111111111111111111111111111111111111111111111111111111111111111111111111111111111111111100000000000000000000000011111100111111000000000000000000000000000000000000000
00000000000000000000000011111100001111111111110000000000001111111111111111111111111111111111111111111111111111111111111111111111111111111111111111111111111111111111111111111100000000000000000000000011111100111111000000000000000000000000000000000000000
00000000000000000000001111111100001111111111110000000000001111111111111111111111111111111111111111111111111111111111111111111111111111111111111111111111111111111111111111111100000000000000000000000011111100111111000000000000000000000000000000000000000
00000000000000000000001111111100001111111111110000000000001111111111111111111111111111111111111111111111111111111111111111111111111111111111111111111111111111111111111111111100000000000000000000000011111100111111000000000000000000000000000000000000000
00000000000000000000001111111100001111111100000000000011111111111111111111111111111111111111111111111111111111111111110000111111111111111111111111111111111111111111111111111111110000000011110000000011111111111111000000000000000000000000000000000000000
00000000000000000000001111111100001111111100000000000011111111111111111111111111111111111111111111111111111111111111110000111111111111111111111111111111111111111111111111111111110000000011110000000011111111111111000000000000000000000000000000000000000
00000000000000000000111111111100001111111100000000000011111111111111111111111111111111111111111111111111111111111111110000111111111111111111111111111111111111111111111111111111110000000011110000000011111111111100000000000000000000000000000000000000000
00000000000000000000111111111100001111111100000000000011111111111111111111111111111111111111111111111111111111111111110000111111111111111111111111111111111111111111111111111111110000000011110000000011111111111100000000000000000000000000000000000000000
00000000000000000011111111000000001111111111110000111111111111111111111111111111111111111111111111111111111111111111111111111111111111111111111111111111111111111100001111111111110000000000000000000011111111000000000000000000000000000000000000000000000
00000000000000000011111111000000001111111111110000111111111111111111111111111111111111111111111111111111111111111111111111111111111111111111111111111111111111111100001111111111110000000000000000000011111111000000000000000000000000000000000000000000000
00000000001100001111111111000000001111111111110000111111111111111111111111111111111111111111111111111111111111111111111111111111111111111111111111111111111111111100001111111111110000000000000000000011111111000000000000000000000000000000000000000000000
00000000001100001111111111000000001111111111110000111111111111111111111111111111111111111111111111111111111111111111111111111111111111111111111111111111111111111100001111111111110000000000000000000011111111000000000000000000000000000000000000000000000
00000000000000001111110000000000000000000000001111111111111111111111111111111111111111111111111111111111111111111111111111111111111111111111111111111111111111111111111111111111110000000011111111111111111111000000000000000000000000000000000000000000000
00000000000000001111110000000000000000000000001111111111111111111111111111111111111111111111111111111111111111111111111111111111111111111111111111111111111111111111111111111111110000000011111111111111111111000000000000000000000000000000000000000000000
00000000000000111111110000000000000000000000001111111111111111111111111111111111111111111111111111111111111111111111111111111111111111111111111111111111111111111111111111111111110000000011111111111111111100000000000000000000000000000000000000000000000
00000000000000111111110000000000000000000000001111111111111111111111111111111111111111111111111111111111111111111111111111111111111111111111111111111111111111111111111111111111110000000011111111111111111100000000000000000000000000000000000000000000000
00000000000000111111110000000000000000111111111111111111111111111100001111111111111111111111111111111111111111111111111111111111111111111111111111111111111111111111111111111111111111000011110000111111110000000000000000000000000000000000000000000000000
00000000000000111111110000000000000000111111111111111111111111111100001111111111111111111111111111111111111111111111111111111111111111111111111111111111111111111111111111111111111111000011110000111111110000000000000000000000000000000000000000000000000
00000000000000111111110000000000000000111111111111111111111111111100001111111111111111111111111111111111111111111111111111111111111111111111111111111111111111111111111111111111111111000011110000111111111100000000000000000000000000000000000000000000000
00000000000000111111110000000000000000111111111111111111111111111100001111111111111111111111111111111111111111111111111111111111111111111111111111111111111111111111111111111111111111000011110000111111111100000000000000000000000000000000000000000000000
00000000000000111111110000000000000000111111111111111111111111111111111111111111111111111111111111111111111111111111111111111111111111111111111111111111111111111111111111111111111111000000000000111111111100000000000000000000000000000000000000000000000
00000000000000111111110000000000000000111111111111111111111111111111111111111111111111111111111111111111111111111111111111111111111111111111111111111111111111111111111111111111111111000000000000111111111100000000000000000000000000000000000000000000000
00000000000000111111110000000000000000111111111111111111111111111111111111111111111111111111111111111111111111111111111111111111111111111111111111111111111111111111111111111111111111000000000000111111111111000000000000000000000000000000000000000000000
00000000000000111111110000000000000000111111111111111111111111111111111111111111111111111111111111111111111111111111111111111111111111111111111111111111111111111111111111111111111111000000000000111111111111000000000000000000000000000000000000000000000
00000000000011111100000000000000000000111111111111111111111111111111111111111111111111111111111111111111111111111111111111111111111111111111111111111111111111111111111111111111110000000000001111111111111111000000000000000000000000000000000000000000000
00000000000011111100000000000000000000111111111111111111111111111111111111111111111111111111111111111111111111111111111111111111111111111111111111111111111111111111111111111111110000000000001111111111111111000000000000000000000000000000000000000000000
00000000001111111100000000000000000000111111111111111111111111111111111111111111111111111111111111111111111111111111111111111111111111111111111111111111111111111111111111111111110000000000001111111111111100000000000011000000000000000000000000000000000
00000000001111111100000000000000000000111111111111111111111111111111111111111111111111111111111111111111111111111111111111111111111111111111111111111111111111111111111111111111110000000000001111111111111100000000000011000000000000000000000000000000000
00000000111111000000000000000000001111111111111111111111111111111111111111111111111111111111111111111111111111111111111111111111111111111111111111111111111111111111111111111100001111111100001111000011111100000000000000000000000000000000000000000000000
00000000111111000000000000000000001111111111111111111111111111111111111111111111111111111111111111111111111111111111111111111111111111111111111111111111111111111111111111111100001111111100001111000011111100000000000000000000000000000000000000000000000
00000000001111000000000000000000001111111111111111111111111111111111111111111111111111111111111111111111111111111111111111111111111111111111111111111111111111111111111111111100001111111100001111001111111100000000000000000000000000000000000000000000000
00000000001111000000000000000000001111111111111111111111111111111111111111111111111111111111111111111111111111111111111111111111111111111111111111111111111111111111111111111100001111111100001111001111111100000000000000000000000000000000000000000000000
00000000001111000000000000000000001111111111111111111111111111111111111111111111111111111111111111111111111111111111111111111111111111111111111111111111111111111111111111111100001111000011111111001111110000000000000000000000000000000000000000000000000
00000000001111000000000000000000001111111111111111111111111111111111111111111111111111111111111111111111111111111111111111111111111111111111111111111111111111111111111111111100001111000011111111001111110000000000000000000000000000000000000000000000000
00000000111111000000000000000000001111111111111111111111111111111111111111111111111111111111111111111111111111111111111111111111111111111111111111111111111111111111111111111100001111000011111111111111110000000000000000000000000000000000000000000000000
00000000111111000000000000000000001111111111111111111111111111111111111111111111111111111111111111111111111111111111111111111111111111111111111111111111111111111111111111111100001111000011111111111111110000000000000000000000000000000000000000000000000
00000011111111000000001111000000001111111111111111111111111111111111111111111111111111111111111111111111111111111111111111111111111111111111111111111111111111111111111111000011111111111111111111111111000000000000000000000000000000000000000000000000000
00000011111111000000001111000000001111111111111111111111111111111111111111111111111111111111111111111111111111111111111111111111111111111111111111111111111111111111111111000011111111111111111111111111000000000000000000000000000000000000000000000000000
00000011111111000000001111000000001111111111111111111111111111111111111111111111111111111111111111111111111111111111111111111111111111111111111111111111111111111111111111000011111111111111111111111111001111110000000000000000000000000000000000000000000
00000011111111000000001111000000001111111111111111111111111111111111111111111111111111111111111111111111111111111111111111111111111111111111111111111111111111111111111111000011111111111111111111111111001111110000000000000000000000000000000000000000000
00001111110000000000001111000000001111111111111111111111111111111111111111111111111111111111111111111111111111111111111111111111111111111111111111111111111111111111111111000000001111111111111111111111111111111100000000000000000000000000000000000000000
00001111110000000000001111000000001111111111111111111111111111111111111111111111111111111111111111111111111111111111111111111111111111111111111111111111111111111111111111000000001111111111111111111111111111111100000000000000000000000000000000000000000
00001111110000000000001111000000001111111111111111111111111111111111111111111111111111111111111111111111111111111111111111111111111111111111111111111111111111111111111111000000001111111111111111111111111111111100000000000000000000000000000000000000000
00001111110000000000001111000000001111111111111111111111111111111111111111111111111111111111111111111111111111111111111111111111111111111111111111111111111111111111111111000000001111111111111111111111111111111100000000000000000000000000000000000000000
00111111110000111100000000000011111111111111111111111111111111000000001111111111111111111111111111111111111111111111111111111111111111111111111111111111111111111111110000111100000000000000001111000011110000111100000000000000000000000000000000000000000
00111111110000111100000000000011111111111111111111111111111111000000001111111111111111111111111111111111111111111111111111111111111111111111111111111111111111111111110000111100000000000000001111000011110000111100000000000000000000000000000000000000000
11111111110000111100000000000011111111111111111111111111111111000000001111111111111111111111111111111111111111111111111111111111111111111111111111111111111111111111110000111100000000000000001111000011110000111111110000000000000000000000000000000000000
11111111110000111100000000000011111111111111111111111111111111000000001111111111111111111111111111111111111111111111111111111111111111111111111111111111111111111111110000111100000000000000001111000011110000111111110000000000000000000000000000000000000
11111111110000000000000000111100001111111111111111111111111111000000001111111111111111111111111111111111111111111111111111111111111111111111111111111111111111111111110000000000001111000011111111111111111111111111111100000000000000000000000000000000000
11111111110000000000000000111100001111111111111111111111111111000000001111111111111111111111111111111111111111111111111111111111111111111111111111111111111111111111110000000000001111000011111111111111111111111111111100000000000000000000000000000000000
11111111110000000000000000111100001111111111111111111111111111000000001111111111111111111111111111111111111111111111111111111111111111111111111111111111111111111111110000000000001111000011111111111111111111111111111100000000000000000000000000000000000
11111111110000000000000000111100001111111111111111111111111111000000001111111111111111111111111111111111111111111111111111111111111111111111111111111111111111111111110000000000001111000011111111111111111111111111111100000000000000000000000000000000000
00111111110000000000000000111100001111111111111111111111111111111111111111111111111111111111111111111111111111111111111111111111111111111111111111111111111111111100000000000000001111000000000000000000001111111111110000000000000000000000000000000000000
00111111110000000000000000111100001111111111111111111111111111111111111111111111111111111111111111111111111111111111111111111111111111111111111111111111111111111100000000000000001111000000000000000000001111111111110000000000000000000000000000000000000
00111111110000000000000000111100001111111111111111111111111111111111111111111111111111111111111111111111111111111111111111111111111111111111111111111111111111111100000000000000001111000000000000000000001111111111110000000000000000000000000000000000000
00111111110000000000000000111100001111111111111111111111111111111111111111111111111111111111111111111111111111111111111111111111111111111111111111111111111111111100000000000000001111000000000000000000001111111111110000000000000000000000000000000000000
00111111110000000000000000000011111111111111111111111111111111111111111111111111111111111111111111111111111111111111111111111111111111111111111111111111111111000000000000000000001111111111110000000000001111111111110000000000000000000000000000000000000
00111111110000000000000000000011111111111111111111111111111111111111111111111111111111111111111111111111111111111111111111111111111111111111111111111111111111000000000000000000001111111111110000000000001111111111110000000000000000000000000000000000000
00111111110000000000000000000011111111111111111111111111111111111111111111111111111111111111111111111111111111111111111111111111111111111111111111111111111111000000000000000000001111111111110000000000001111111111110000000000000000000000000000000000000
00111111110000000000000000000011111111111111111111111111111111111111111111111111111111111111111111111111111111111111111111111111111111111111111111111111111111000000000000000000001111111111110000000000001111111111110000000000000000000000000000000000000
11111111111111000000000000000011111111111111111111111111111111111111111111111111111111111111111111111111111111111111111111111111111111000011111111111111111111111100001111111111111111111111111111000000000000111111110000000000000000000000000000000000000
11111111111111000000000000000011111111111111111111111111111111111111111111111111111111111111111111111111111111111111111111111111111111000011111111111111111111111100001111111111111111111111111111000000000000111111110000000000000000000000000000000000000
11111111111111000000000000000011111111111111111111111111111111111111111111111111111111111111111111111111111111111111111111111111111111000011111111111111111111111100001111111111111111111111111111000000000000111111110000000000000000000000000000000000000
11111111111111000000000000000011111111111111111111111111111111111111111111111111111111111111111111111111111111111111111111111111111111000011111111111111111111111100001111111111111111111111111111000000000000111111110000000000000000000000000000000000000
00111111111111000000000000000011111111111111111111111111111111111111111111111111111111000011111111111111111111111111111111111111111111111111111111111111111111111111111111111111111111111111111111111111110000111111110000000000000000000000000000000000000
00111111111111000000000000000011111111111111111111111111111111111111111111111111111111000011111111111111111111111111111111111111111111111111111111111111111111111111111111111111111111111111111111111111110000111111110000000000000000000000000000000000000
00000011111111000000000000000011111111111111111111111111111111111111111111111111111111000011111111111111111111111111111111111111111111111111111111111111111111111111111111111111111111111111111111111111110000111111000000000000000000000000000000000000000
00000011111111000000000000000011111111111111111111111111111111111111111111111111111111000011111111111111111111111111111111111111111111111111111111111111111111111111111111111111111111111111111111111111110000111111000000000000000000000000000000000000000
00000000111111000000000000000011111111111111111111111111111111111111111111111100000000000011111111111111111111111111111111111111111111111111111111111111111111111111111111111111111111111111111111111100001111111111110000000000000000000000000000000000000
00000000111111000000000000000011111111111111111111111111111111111111111111111100000000000011111111111111111111111111111111111111111111111111111111111111111111111111111111111111111111111111111111111100001111111111110000000000000000000000000000000000000
00000000111111000000000000000011111111111111111111111111111111111111111111111100000000000011111111111111111111111111111111111111111111111111111111111111111111111111111111111111111111111111111111111100001111111111110000000000000000000000000000000000000
00000000111111000000000000000011111111111111111111111111111111111111111111111100000000000011111111111111111111111111111111111111111111111111111111111111111111111111111111111111111111111111111111111100001111111111110000000000000000000000000000000000000
00000000111111000000000000000011111111111111111111111111111111111100001111000000000000000000000000000011111111111111111111111111111111111111111111111111111111111111111111111111111111111111111111000000000000111111110000000000000000000000000000000000000
00000000111111000000000000000011111111111111111111111111111111111100001111000000000000000000000000000011111111111111111111111111111111111111111111111111111111111111111111111111111111111111111111000000000000111111110000000000000000000000000000000000000
00001111111111000000000000000011111111111111111111111111111111111100001111000000000000000000000000000011111111111111111111111111111111111111111111111111111111111111111111111111111111111111111111000000000000111111000000000000000000000000000000000000000
00001111111111000000000000000011111111111111111111111111111111111100001111000000000000000000000000000011111111111111111111111111111111111111111111111111111111111111111111111111111111111111111111000000000000111111000000000000000000000000000000000000000
00001100001111000000000000000000000000000011111111111111110000000000000000000000000000000000000000000011111111111111111111111111111111111111111111111111111111111111111111111111111111111111111111000011111111111111000000000000000000000000000000000000000
00001100001111000000000000000000000000000011111111111111110000000000000000000000000000000000000000000011111111111111111111111111111111111111111111111111111111111111111111111111111111111111111111000011111111111111000000000000000000000000000000000000000
00111100001111000000000000000000000000000011111111111111110000000000000000000000000000000000000000000011111111111111111111111111111111111111111111111111111111111111111111111111111111111111111111000011111111111111000000000000000000000000000000000000000
00111100001111000000000000000000000000000011111111111111110000000000000000000000000000000000000000000011111111111111111111111111111111111111111111111111111111111111111111111111111111111111111111000011111111111111000000000000000000000000000000000000000
00111111111111000000000000000000000000000000001111000000000000000000000000111111111111000000000000000000001111111111110000000000001111000011111111111111111111111111111111111111111111111111110000000000001111111111000000000000000000000000000000000000000
00111111111111000000000000000000000000000000001111000000000000000000000000111111111111000000000000000000001111111111110000000000001111000011111111111111111111111111111111111111111111111111110000000000001111111111000000000000000000000000000000000000000
00000011111111000000000000000000000000000000001111000000000000000000000000111111111111000000000000000000001111111111110000000000001111000011111111111111111111111111111111111111111111111111110000000000001111111111000000000000000000000000000000000000000
00000011111111000000000000000000000000000000001111000000000000000000000000111111111111000000000000000000001111111111110000000000001111000011111111111111111111111111111111111111111111111111110000000000001111111111000000000000000000000000000000000000000
00000000111111111100000000000000000000000011111111000000000000000000001111111111111111111111110000000000001111111100000000000000000000000000000000000011111111111111111111111111111111111111110000111111111111111111000000000000000000000000000000000000000
00000000111111111100000000000000000000000011111111000000000000000000001111111111111111111111110000000000001111111100000000000000000000000000000000000011111111111111111111111111111111111111110000111111111111111111000000000000000000000000000000000000000
00000000111111111100000000000000000000000011111111000000000000000000001111111111111111111111110000000000001111111100000000000000000000000000000000000011111111111111111111111111111111111111110000111111111111110000000000000000000000000000000000000000000
00000000111111111100000000000000000000000011111111000000000000000000001111111111111111111111110000000000001111111100000000000000000000000000000000000011111111111111111111111111111111111111110000111111111111110000000000000000000000000000000000000000000
00000000111111111100000000000000000000111111111111000000000000000000001111111111000000000011111111000000000000000000000000000011111111111111111111000011111111111111111111111111111111000011111111000011111100000000000000000000000000000000000000000000000
00000000111111111100000000000000000000111111111111000000000000000000001111111111000000000011111111000000000000000000000000000011111111111111111111000011111111111111111111111111111111000011111111000011111100000000000000000000000000000000000000000000000
00000000111111111100000000000000000000111111111111000000000000000000001111110000000000000011110011000000000000000000000000000011111111111111111111000011111111111111111111111111111111000011111111000011110000000000000000000000000000000000000000000000000
00000000111111111100000000000000000000111111111111000000000000000000001111110000000000000011110011000000000000000000000000000011111111111111111111000011111111111111111111111111111111000011111111000011110000000000000000000000000000000000000000000000000
00000000000011111100000000000011110000111111111111000000000000111111111100000000111100000000000011000000000000000000000000111111111111001100001111000000001111111111111111111111111111111111110000000011110000000000000000000000000000000000000000000000000
00000000000011111100000000000011110000111111111111000000000000111111111100000000111100000000000011000000000000000000000000111111111111001100001111000000001111111111111111111111111111111111110000000011110000000000000000000000000000000000000000000000000
00000000000011111100000000000011110000111111111111000000000000111111110000001111111100000000001111000000000000000000000000111100001111001100001111000000001111111111111111111111111111111111110000000011110000000000000000000000000000000000000000000000000
00000000000011111100000000000011110000111111111111000000000000111111110000001111111100000000001111000000000000000000000000111100001111001100001111000000001111111111111111111111111111111111110000000011110000000000000000000000000000000000000000000000000
00000000000011111111111111000000001111111111111111000000000000111111000011111111111100000011111111000000000000000000001111110000000000001111111111000000001111111111111111111100000000000000000000111111110000000000000000000000000000000000000000000000000
00000000000011111111111111000000001111111111111111000000000000111111000011111111111100000011111111000000000000000000001111110000000000001111111111000000001111111111111111111100000000000000000000111111110000000000000000000000000000000000000000000000000
00000000000011111111111111000000001111111111111111000000000000111100000011110000000000000011111111000000000000000000001111110000000000111111111111000000001111111111111111111100000000000000000000111111110000000000000000000000000000000000000000000000000
00000000000011111111111111000000001111111111111111000000000000111100000011110000000000000011111111000000000000000000001111110000000000111111111111000000001111111111111111111100000000000000000000111111110000000000000000000000000000000000000000000000000
00000000000000111111111111111111111111111111111111111111111100000000000000000000001111000000000011000011111111000011111111000000000000111100000000000011111111111100000000000000000000000000001111111111000000000000000000000000000000000000000000000000000
00000000000000111111111111111111111111111111111111111111111100000000000000000000001111000000000011000011111111000011111111000000000000111100000000000011111111111100000000000000000000000000001111111111000000000000000000000000000000000000000000000000000
00000000000000111111000000111111111111111111111111111111110000000000000000000000001111000000001111000011111111000011111100000000000000111100000000000011111111111100000000000000000000000000001111111111000000000000000000000000000000000000000000000000000
00000000000000111111000000111111111111111111111111111111110000000000000000000000001111000000001111000011111111000011111100000000000000111100000000000011111111111100000000000000000000000000001111111111000000000000000000000000000000000000000000000000000
00000000000000000000000000000000001111111111111111111111000000000000000000000000000000000000001111111100001111000000001100000000000000111111111111000000001111000000000000000000000000000011110000000000000000000000000000000000000000000000000000000000000
00000000000000000000000000000000001111111111111111111111000000000000000000000000000000000000001111111100001111000000001100000000000000111111111111000000001111000000000000000000000000000011110000000000000000000000000000000000000000000000000000000000000
00000000000000000000000000000000001111111111111111111111000000000000000000000000000000000000001111111100001100000000000000000000000000001111111111000000001111000000000000000000000000000000000000000000000000000000000000000000000000000000000000000000000
00000000000000000000000000000000001111111111111111111111000000000000000000000000000000000000001111111100001100000000000000000000000000001111111111000000001111000000000000000000000000000000000000000000000000000000000000000000000000000000000000000000000
00000000000000000000000000000000000000111111111111111100000000000000000000000000000000000000001111111111000000000000000000000000000000000000001111000000000000000000000000000000001111110000000000000000000000000000000000000000000000000000000000000000000
00000000000000000000000000000000000000111111111111111100000000000000000000000000000000000000001111111111000000000000000000000000000000000000001111000000000000000000000000000000001111110000000000000000000000000000000000000000000000000000000000000000000
00000000000000000000000000000000000000111111111111110000000000000000000000000000000000000000000000000000000000000000000000000000000000000000001111000000000000000000000000000000001111000000000000000000000000000000000000000000000000000000000000000000000
00000000000000000000000000000000000000111111111111110000000000000000000000000000000000000000000000000000000000000000000000000000000000000000001111000000000000000000000000000000001111000000000000000000000000000000000000000000000000000000000000000000000
00000000000000000000000000000000000000001111111111110000000000000000000000000000000000000000000000000000000000000000000000000000000000000000001111000000000000000011111111111111111111000000000000000000000000000000000000000000000000000000000000000000000
00000000000000000000000000000000000000001111111111110000000000000000000000000000000000000000000000000000000000000000000000000000000000000000001111000000000000000011111111111111111111000000000000000000000000000000000000000000000000000000000000000000000
00000000000000000000000000000000000000001111111111110000000000000000000000000000000000000000000000000000000000000000000000000000000000000000001111000000000000000011111111111111111111000000000000000000000000000000000000000000000000000000000000000000000
00000000000000000000000000000000000000001111111111110000000000000000000000000000000000000000000000000000000000000000000000000000000000000000001111000000000000000011111111111111111111000000000000000000000000000000000000000000000000000000000000000000000
00000000000000000000000000000000000000001111111111110000000000000000000000000000000000000000000000000000000000000000000000000000000000000000001111111111111111111111111111111111111100000000000000000000000000000000000000000000000000000000000000000000000
00000000000000000000000000000000000000001111111111110000000000000000000000000000000000000000000000000000000000000000000000000000000000000000001111111111111111111111111111111111111100000000000000000000000000000000000000000000000000000000000000000000000
00000000000000000000000000000000000000001111111111110000000000000000000000000000000000000000000000000000000000000000000000000000000000000000001111111111001111111111111111110000000000000000000000000000000000000000000000000000000000000000000000000000000
00000000000000000000000000000000000000001111111111110000000000000000000000000000000000000000000000000000000000000000000000000000000000000000001111111111001111111111111111110000000000000000000000000000000000000000000000000000000000000000000000000000000
00000000000000000000000000000000000000000000000000000000000000000000000000000000000000000000000000000000000000000000000000000000000000000000000000000000001111110011111111000000000000000000000000000000000000000000000000000000000000000000000000000000000
00000000000000000000000000000000000000000000000000000000000000000000000000000000000000000000000000000000000000000000000000000000000000000000000000000000001111110011111111000000000000000000000000000000000000000000000000000000000000000000000000000000000
00000000000000000000000000000000000000000000000000000000000000000000000000000000000000000000000000000000000000000000000000000000000000000000000000000000000000000000111100000000000000000000000000000000000000000000000000000000000000000000000000000000000
00000000000000000000000000000000000000000000000000000000000000000000000000000000000000000000000000000000000000000000000000000000000000000000000000000000000000000000111100000000000000000000000000000000000000000000000000000000000000000000000000000000000
