38
278
-129
144
0000000000000000000000000000000000000000000000000000000000000000000000000000000000000000000000000000000000000000000000000000000000000000000000000000000000000000000000000000000000000000000000000000000000000000000000000000000000000000000000000
0000000000000000000000000000000000000000000000000000000000000000000000000000000000000000000000000000000000000000000000000000000000000000000000000000000000000000000000000000111100000000000000000000000000000000000000000000000000000000000000000
0000000000000000000000000000000000000000000000000000000000000000000000000000000000000000000000000000000000000000000000000000000000000000000000000000000000000000000000000000111100000000000000000000000000000000000000000000000000000000000000000
0000000000000000000000000000000000000000000000000000000000000000000000000000000000000000000000000000000000000000000000000000000000000000000000000000000000000000000000000000111100000000000000000000000000000000000000000000000000000000000000000
0000000000000000000000000000000000000000000000000000000000000000000000000000000000000000000000000000000000000000000000000000000000000000000000000000000000000000000000000000111100000000000000000000000000000000000000000000000000000000000000000
0000000000000000000000000000000000000000000000000000000000000000000000000000000000000000000000000000000000000000000000000000000000000000000000000000000000000000000000000000000000111100000000000000000000000000000000000000000000000000000000000
0000000000000000000000000000000000000000000000000000000000000000000000000000000000000000000000000000000000000000000000000000000000000000000000000000000000000000000000000000000000111100000000000000000000000000000000000000000000000000000000000
0000000000000000000000000000000000000000000000000000000000000000000000000000000000000000000000000000000000000000000000000000000000000000000000000000000000000000000000001111110000111100000000000000000000000000000000000000000000000000000000000
0000000000000000000000000000000000000000000000000000000000000000000000000000000000000000000000000000000000000000000000000000000000000000000000000000000000000000000000001111110000111100000000000000000000000000000000000000000000000000000000000
0000000000000000000000000000000000000000000000000000000000000000000000000000000000000000000000000000000000000000000000000000000000000000000000000000000000000000000000111111110000000000000000000000000000000000000000000000000000000000000000000
0000000000000000000000000000000000000000000000000000000000000000000000000000000000000000000000000000000000000000000000000000000000000000000000000000000000000000000000111111110000000000000000000000000000000000000000000000000000000000000000000
0000000000000000000000000000000000000000000000000000000000000000000000000000000000000000000000000000000000000000000000000000000000000000000000000000000000000000000000111100000000000000000000000000000000000000000000000000000000000000000000000
0000000000000000000000000000000000000000000000000000000000000000000000000000000000000000000000000000000000000000000000000000000000000000000000000000000000000000000000111100000000000000000000000000000000000000000000000000000000000000000000000
0000000000000000000000000000000000000000000000000000000000000000000000000000000000000000000000000000000000000000000000000000000000000000000000000000000000000000000000000000000000000000000000000000000000000000000000000000000000000000000000000
0000000000000000000000000000000000000000000000000000000000000000000000000000000000000000000000000000000000000000000000000000000000000000000000000000000000000000000000000000000000000000000000000000000000000000000000000000000000000000000000000
0000000000000000000000000000000000000000000000000000000000000000000000000000000000000000000000000000000000000000000000000000000000000000000000000000000000000000000000000011111100000000000000000000000000000000000000000000000000000000000000000
0000000000000000000000000000000000000000000000000000000000000000000000000000000000000000000000000000000000000000000000000000000000000000000000000000000000000000000000000011111100000000000000000000000000000000000000000000000000000000000000000
0000000000000000000000000000000000000000000000000000000000000000000000000000000000000000000000000000000000000000000000000000000000000000000000000000000000000000000000001111111100000000000000000000000000000000000000000000000000000000000000000
0000000000000000000000000000000000000000000000000000000000000000000000000000000000000000000000000000000000000000000000000000000000000000000000000000000000000000000000001111111100000000000000000000000000000000000000000000000000000000000000000
0000000000000000000000000000000000000000000000000000000000000000000000000000000000000000000000000000000000000000000000000000000000000000000000000000000000000000000000001111111100000000000000000000000000000000000000000000000000000000000000000
0000000000000000000000000000000000000000000000000000000000000000000000000000000000000000000000000000000000000000000000000000000000000000000000000000000000000000000000001111111100000000000000000000000000000000000000000000000000000000000000000
0000000000000000000000000000000000000000000000000000000000000000000000000000000000000000000000000000000000000000000000000000000000000000000000000000000000111100000000111111111100000000000000000000000000000000000000000000000000000000000000000
0000000000000000000000000000000000000000000000000000000000000000000000000000000000000000000000000000000000000000000000000000000000000000000000000000000000111100000000111111111100000000000000000000000000000000000000000000000000000000000000000
0000000000000000000000000000000000000000000000000000000000000000000000000000000000000000000000000000000000000000000000000000000000000000000000000000000000111100000011111111111100000000000000000000000000000000000000000000000000000000000000000
0000000000000000000000000000000000000000000000000000000000000000000000000000000000000000000000000000000000000000000000000000000000000000000000000000000000111100000011111111111100000000000000000000000000000000000000000000000000000000000000000
0000000000000000000000000000000000000000000000000000000000000000000000000000000000000000000000000000000000000000000000000000000000000000000000000000000000000000000011111111111111000000000000000000000000000000000000000000000000000000000000000
0000000000000000000000000000000000000000000000000000000000000000000000000000000000000000000000000000000000000000000000000000000000000000000000000000000000000000000011111111111111000000000000000000000000000000000000000000000000000000000000000
0000000000000000000000000000000000000000000000000000000000000000000000000000000000000000000000000000000000000000000000000000000000000000000000000000000000000000001111111111111111000000000000000000000000000000000000000000000000000000000000000
0000000000000000000000000000000000000000000000000000000000000000000000000000000000000000000000000000000000000000000000000000000000000000000000000000000000000000001111111111111111000000000000000000000000000000000000000000000000000000000000000
0000000000000000000000000000000000000000000000000000000000000000000000000000000000000000000000000000000000000000000000000000000000000000000000000000000000001100111111111111111111000000000000000000000000000000000000000000000000000000000000000
0000000000000000000000000000000000000000000000000000000000000000000000000000000000000000000000000000000000000000000000000000000000000000000000000000000000001100111111111111111111000000000000000000000000000000000000000000000000000000000000000
0000000000000000000000000000000000000000000000000000000000000000000000000000000000000000000000000000000000000000000000000000000000000000000000000000000000111100111111111111111111000000000000000000000000000000000000000000000000000000000000000
0000000000000000000000000000000000000000000000000000000000000000000000000000000000000000000000000000000000000000000000000000000000000000000000000000000000111100111111111111111111000000000000000000000000000000000000000000000000000000000000000
0000000000000000000000000000000000000000000000000000000000000000000000000000000000000000000000000000000000000000000000000000000000110000111111111111110000000011111111111111111111000000000000000000000000000000000000000000000000000000000000000
0000000000000000000000000000000000000000000000000000000000000000000000000000000000000000000000000000000000000000000000000000000000110000111111111111110000000011111111111111111111000000000000000000000000000000000000000000000000000000000000000
0000000000000000000000000000000000000000000000000000000000000000000000000000000000000000000000000000000000000000000000000000000000000000111111111111000000000011111111111111111111111111001111111100000000000000000000000000000000000000000000000
0000000000000000000000000000000000000000000000000000000000000000000000000000000000000000000000000000000000000000000000000000000000000000111111111111000000000011111111111111111111111111001111111100000000000000000000000000000000000000000000000
0000000000000000000000000000000000000000000000000000000000000000000000000000000000000000000000000000000000000000000000000000000000000011111111111100000000111111111111111111111111111111111111110000000000000000000000000000000000000000000000000
0000000000000000000000000000000000000000000000000000000000000000000000000000000000000000000000000000000000000000000000000000000000000011111111111100000000111111111111111111111111111111111111110000000000000000000000000000000000000000000000000
0000000000000000000000000000000000000000000000000000000000000000000000000000000000000000000000000000000000000000000000000000000000001111111111111100000000111111111111111111111111111111111111110000000000000000000000000000000000000000000000000
0000000000000000000000000000000000000000000000000000000000000000000000000000000000000000000000000000000000000000000000000000000000001111111111111100000000111111111111111111111111111111111111110000000000000000000000000000000000000000000000000
0000000000000000000000000000000000000000000000000000000000000000000000000000000000000000000000000000000000000000000000110000000011111111111111000000000000111111111111111111110000111111111100000000000000000000000000000000000000000000000000000
0000000000000000000000000000000000000000000000000000000000000000000000000000000000000000000000000000000000000000000000110000000011111111111111000000000000111111111111111111110000111111111100000000000000000000000000000000000000000000000000000
0000000000000000000000000000000000000000000000000000000000000000000000000000000000000000000000000000000000000000000000000000001111111111111111000000000000111111111111111111110000111111111111001111111111110000000000000000000000000000000000000
0000000000000000000000000000000000000000000000000000000000000000000000000000000000000000000000000000000000000000000000000000001111111111111111000000000000111111111111111111110000111111111111001111111111110000000000000000000000000000000000000
0000000000000000000000000000000000000000000000000000000000000000000000000000000000000000000000000000000000001111000000000000110000000000000000000011110000111111111111111111110000000011111111111111111100000000000000000000000000000000000000000
0000000000000000000000000000000000000000000000000000000000000000000000000000000000000000000000000000000000001111000000000000110000000000000000000011110000111111111111111111110000000011111111111111111100000000000000000000000000000000000000000
0000000000000000000000000000000000000000000000000000000000000000000000000000000000000000000000000000000011110000000000001111110000000000000000000011110000111111111111111111110000000011111111111111111111110000000000000000000000000000000000000
0000000000000000000000000000000000000000000000000000000000000000000000000000000000000000000000000000000011110000000000001111110000000000000000000011110000111111111111111111110000000011111111111111111111110000000000000000000000000000000000000
0000000000000000000000000000000000000000000000000000000000000000000000000000000000000000000000000000001111000000000011111111110000000000000000000000000000111111111111111111110000000000000000000011111111111100000000000000000000000000000000000
0000000000000000000000000000000000000000000000000000000000000000000000000000000000000000000000000000001111000000000011111111110000000000000000000000000000111111111111111111110000000000000000000011111111111100000000000000000000000000000000000
0000000000000000000000000000000000000000000000000000000000000000000000000000000000000000000000000000001100000011111111111111110000000000000000000000000000111111111111111111110000000000000000000011111111111111000000000000000000000000000000000
0000000000000000000000000000000000000000000000000000000000000000000000000000000000000000000000000000001100000011111111111111110000000000000000000000000000111111111111111111110000000000000000000011111111111111000000000000000000000000000000000
0000000000000000000000000000000000000000000000000000000000000000000000000000000000000000000000000000110000001111111111000000000000000000000000111111111111111111111111111111110000000000000000000011111111111111110000000000000000000000000000000
0000000000000000000000000000000000000000000000000000000000000000000000000000000000000000000000000000110000001111111111000000000000000000000000111111111111111111111111111111110000000000000000000011111111111111110000000000000000000000000000000
0000000000000000000000000000000000000000000000000000000000000000000000000000000000000000000000000000000000111111111111000000000000000000000000111111111111111111111111111111110000000000000000000011111111111111110000000000000000000000000000000
0000000000000000000000000000000000000000000000000000000000000000000000000000000000000000000000000000000000111111111111000000000000000000000000111111111111111111111111111111110000000000000000000011111111111111110000000000000000000000000000000
0000000000000000000000000000000000000000000000000000000000000000000000000000000000000000110000000000000000111100000000000000000000111111111111111111111111111111111111111111111111111100000000000000000000000011111100000000000000000000000000000
0000000000000000000000000000000000000000000000000000000000000000000000000000000000000000110000000000000000111100000000000000000000111111111111111111111111111111111111111111111111111100000000000000000000000011111100000000000000000000000000000
0000000000000000000000000000000000000000000000000000000000000000000000000000000000000000110000000011111111111100000000000000000000111111111111111111111111111111111111111111111111111100000000000000000000000011111100000000000000000000000000000
0000000000000000000000000000000000000000000000000000000000000000000000000000000000000000110000000011111111111100000000000000000000111111111111111111111111111111111111111111111111111100000000000000000000000011111100000000000000000000000000000
0000000000000000000000000000000000000000000000000000000000000000000000000000000000000000110000001111111111000000000000000011111111111111111111111111111111111111111111111111111111111100000000000000000000000000001100000000000000000000000000000
0000000000000000000000000000000000000000000000000000000000000000000000000000000000000000110000001111111111000000000000000011111111111111111111111111111111111111111111111111111111111100000000000000000000000000001100000000000000000000000000000
0000000000000000000000000000000000000000000000000000000000000000000000000000000000001111000000111111111111000000000000000011111111111111111111111111111111111111111111111111111111111100000000000000000000000000001111110000000000000000000000000
0000000000000000000000000000000000000000000000000000000000000000000000000000000000001111000000111111111111000000000000000011111111111111111111111111111111111111111111111111111111111100000000000000000000000000001111110000000000000000000000000
0000000000000000000000000000000000000000000000000000000000000000000000000000000000111100000011111100000000000000000000000011111111111111111111111111111111111111111111111111111111111111111111111100000000000000000000000011000000000000000000000
0000000000000000000000000000000000000000000000000000000000000000000000000000000000111100000011111100000000000000000000000011111111111111111111111111111111111111111111111111111111111111111111111100000000000000000000000011000000000000000000000
0000000000000000000000000000000000000000000000000000000000000000000000000000000000000000001111111100000000000000000000000011111111111111111111111111111111111111111111111111111111111111111111111100000000000000000000000011110000000000000000000
0000000000000000000000000000000000000000000000000000000000000000000000000000000000000000001111111100000000000000000000000011111111111111111111111111111111111111111111111111111111111111111111111100000000000000000000000011110000000000000000000
0000000000000000000000000000000000000000000000000000000000000000000000000000000000000000001111111100000000000000001111111111111111111111111111111111111111111111111111111111111111111111111111111111111111000000000000000011111111111111000000000
0000000000000000000000000000000000000000000000000000000000000000000000000000000000000000001111111100000000000000001111111111111111111111111111111111111111111111111111111111111111111111111111111111111111000000000000000011111111111111000000000
0000000000000000000000000000000000000000000000000000000000000000000000000000000000001111111111111100000000000000001111111111111111111111111111111111111111111111111111111111111111111111111111111111111111000000000000000011111111111100000000000
0000000000000000000000000000000000000000000000000000000000000000000000000000000000001111111111111100000000000000001111111111111111111111111111111111111111111111111111111111111111111111111111111111111111000000000000000011111111111100000000000
0000000000000000000000000000000000000000000000000000000000000000000000000000000011111111111111000000000000111111111111111111111111111111111111111111111111111111111111111111111111111111111111111111111111111100001111000000001111000000000000000
0000000000000000000000000000000000000000000000000000000000000000000000000000000011111111111111000000000000111111111111111111111111111111111111111111111111111111111111111111111111111111111111111111111111111100001111000000001111000000000000000
0000000000000000000000000000000000000000000000000000000000000000000000000000000011111111111111000000000000111111111111111111111111111111111111111111111111111111111111111111111111111111111111111111111111111100001111000000001111000000000000000
0000000000000000000000000000000000000000000000000000000000000000000000000000000011111111111111000000000000111111111111111111111111111111111111111111111111111111111111111111111111111111111111111111111111111100001111000000001111000000000000000
0000000000000000000000000000000000000000000000000000000000000000000000110000000000111100000000000000001111111111111111111111111111111111111111111111111111111111111111111111111111111111111111111111111111111100000000000000001111000011000000000
0000000000000000000000000000000000000000000000000000000000000000000000110000000000111100000000000000001111111111111111111111111111111111111111111111111111111111111111111111111111111111111111111111111111111100000000000000001111000011000000000
0000000000000000000000000000000000000000000000000000000000000000111111110000001100111100000000000000001111111111111111111111111111111111111111111111111111111111111111111111111111111111111111111111111111111100000000000000001111000000000000000
0000000000000000000000000000000000000000000000000000000000000000111111110000001100111100000000000000001111111111111111111111111111111111111111111111111111111111111111111111111111111111111111111111111111111100000000000000001111000000000000000
0000000000000000000000000000000000000000000000000000000000000011110000000000111111111100000000000011111111111111111111111111111111111111111111111111111111111111111111111111111111111111111111111111111111111111110000000000000011110000000000000
0000000000000000000000000000000000000000000000000000000000000011110000000000111111111100000000000011111111111111111111111111111111111111111111111111111111111111111111111111111111111111111111111111111111111111110000000000000011110000000000000
0000000000000000000000000000000000000000000000000000000000000000000000000011111111111100000000000011111111111111111111111111111111111111111111111111111111111111111111111111111111111111111111111111111111111111110000000000000011111100000000000
0000000000000000000000000000000000000000000000000000000000000000000000000011111111111100000000000011111111111111111111111111111111111111111111111111111111111111111111111111111111111111111111111111111111111111110000000000000011111100000000000
0000000000000000000000000000000000000000000000000000000000000000000000111111110000000000000000111111111111111111111111111111111111111111111111111111111111111111111111111111111111111111111111111111111111111100000000000000000011111100000000000
0000000000000000000000000000000000000000000000000000000000000000000000111111110000000000000000111111111111111111111111111111111111111111111111111111111111111111111111111111111111111111111111111111111111111100000000000000000011111100000000000
0000000000000000000000000000000000000000000000000000000000000000000011111111110000000000000000111111111111111111111111111111111111111111111111111111111111111111111111111111111111111111111111111111111111111100000000000000001111001100000000000
0000000000000000000000000000000000000000000000000000000000000000000011111111110000000000000000111111111111111111111111111111111111111111111111111111111111111111111111111111111111111111111111111111111111111100000000000000001111001100000000000
0000000000000000000000000000000000000000000000000000000000001111111111111100000000000000001111111111111111111111111111111111111111111111111111111111110000000011111111111111111111111111111111111111111111111100000000000000001111001100000000000
0000000000000000000000000000000000000000000000000000000000001111111111111100000000000000001111111111111111111111111111111111111111111111111111111111110000000011111111111111111111111111111111111111111111111100000000000000001111001100000000000
0000000000000000000000000000000000000000000000000000000011111111111111111100000000000000001111111111111111111111111111111111111111111111111111111111110000000011111111111111111111111111111111111111111111111100000000000000001111111100000000000
0000000000000000000000000000000000000000000000000000000011111111111111111100000000000000001111111111111111111111111111111111111111111111111111111111110000000011111111111111111111111111111111111111111111111100000000000000001111111100000000000
0000000000000000000000000000000000000000000000000000001111111111111111000000000000000011111111111111111111111111111111111111111111111111111111111100001111000011111111111111111111111111111111111111111111111111110000000000001111111100000000000
0000000000000000000000000000000000000000000000000000001111111111111111000000000000000011111111111111111111111111111111111111111111111111111111111100001111000011111111111111111111111111111111111111111111111111110000000000001111111100000000000
0000000000000000000000000000000000000000000000000011111111111111111111000000000000000011111111111111111111111111111111111111111111111111111111111100001111000011111111111111111111111111111111111111111111111111110000000000001111111100000000000
0000000000000000000000000000000000000000000000000011111111111111111111000000000000000011111111111111111111111111111111111111111111111111111111111100001111000011111111111111111111111111111111111111111111111111110000000000001111111100000000000
0000000000000000000000000000000000000000000000001111111111111111110000000000000000111111111111111111111111111111111111111111111111111111111111111100000000000011111111111111111111111111111111111111111111111111110000000000000000111100000000000
0000000000000000000000000000000000000000000000001111111111111111110000000000000000111111111111111111111111111111111111111111111111111111111111111100000000000011111111111111111111111111111111111111111111111111110000000000000000111100000000000
0000000000000000000000000000000000000000000011111111111111111111110000000000000000111111111111111111111111111111111111111111111111111111111111111100000000000011111111111111111111111111111111111111111111111111110000000000000000110000000000000
0000000000000000000000000000000000000000000011111111111111111111110000000000000000111111111111111111111111111111111111111111111111111111111111111100000000000011111111111111111111111111111111111111111111111111110000000000000000110000000000000
0000000000000000000000000000000000000000000011111111110000000000000000000011111111111111111111111111111111111111111111111111111111111111111111111100000000000011111111111111111111111111111111111111111111111111110000000000000000001100000000000
0000000000000000000000000000000000000000000011111111110000000000000000000011111111111111111111111111111111111111111111111111111111111111111111111100000000000011111111111111111111111111111111111111111111111111110000000000000000001100000000000
0000000000000000000000000000000000000000000011111111110000000000000000000011111111111111111111111111111111111111111111111111111111111111111111111100000000000011111111111111111111111111111111111111111111111111110000000000000000111111111100000
0000000000000000000000000000000000000000000011111111110000000000000000000011111111111111111111111111111111111111111111111111111111111111111111111100000000000011111111111111111111111111111111111111111111111111110000000000000000111111111100000
0000000000000000000000000000000000000000001111111111111111000000000000111111111111111111111111111111111111111111111111111111111111111111111111111100000000111111111111111111111111111111111111111111111111111111110000000000000000111100000000000
0000000000000000000000000000000000000000001111111111111111000000000000111111111111111111111111111111111111111111111111111111111111111111111111111100000000111111111111111111111111111111111111111111111111111111110000000000000000111100000000000
0000000000000000000000000000000000000011111111111111111111000000000000111111111111111111111111111111111111111111111111111111111111111111111111111100000000111111111111111111111111111111111111111111111111111111110000000000000000110011000000000
0000000000000000000000000000000000000011111111111111111111000000000000111111111111111111111111111111111111111111111111111111111111111111111111111100000000111111111111111111111111111111111111111111111111111111110000000000000000110011000000000
0000000000000000000000000000000000000011111111111100000000000000000000111111111111111111111111111111111111111111111111111111111111111111111111000000000000111111111111111111111111111111111111111111111111111111110000000000000000111111000000000
0000000000000000000000000000000000000011111111111100000000000000000000111111111111111111111111111111111111111111111111111111111111111111111111000000000000111111111111111111111111111111111111111111111111111111110000000000000000111111000000000
0000000000000000000000000000000000001111111111111100000000000000000000111111111111111111111111111111111111111111111111111111111111111111111111000000000000111111111111111111111111111111111111111111111111111111110000000000000000111111000011110
0000000000000000000000000000000000001111111111111100000000000000000000111111111111111111111111111111111111111111111111111111111111111111111111000000000000111111111111111111111111111111111111111111111111111111110000000000000000111111000011110
0000000000000000000000000000000000111111111111111100000000000000001111111111111111111111111111111111111111111111111111111111111111111111111111000000000000111111111111111111111111111111111111111111111111111111110000000000000000111100000011110
0000000000000000000000000000000000111111111111111100000000000000001111111111111111111111111111111111111111111111111111111111111111111111111111000000000000111111111111111111111111111111111111111111111111111111110000000000000000111100000011110
0000000000000000000000000000000011111111111111111100000000000000001111111111111111111111111111111111111111111111111111111111111111111111111111000000000000111111111111111111111111111111111111111111111111111111110000000000000000110000000000000
0000000000000000000000000000000011111111111111111100000000000000001111111111111111111111111111111111111111111111111111111111111111111111111111000000000000111111111111111111111111111111111111111111111111111111110000000000000000110000000000000
0000000000000000000000000000000011111111110000000011110000000011111111111111111111111111111111111111111111111111111111111111111111111111110000000000000000111111111111111111111111111111111111111111111111111111110000000000001111111100000000000
0000000000000000000000000000000011111111110000000011110000000011111111111111111111111111111111111111111111111111111111111111111111111111110000000000000000111111111111111111111111111111111111111111111111111111110000000000001111111100000000000
0000000000000000000000000000001111111111110000000011110000000011111111111111111111111111111111111111111111111111111111111111111111111111110000000000000000111111111111111111111111111111111111111111111111111111110000000000001111111100000000000
0000000000000000000000000000001111111111110000000011110000000011111111111111111111111111111111111111111111111111111111111111111111111111110000000000000000111111111111111111111111111111111111111111111111111111110000000000001111111100000000000
0000000000000000000000000000001111111111110000000000000000000011111111111111111111111111111111111111111111111111111111111111111111111111110000111100001111111111111111111111111111111111110000111111111111111111110000000000000000111111110000000
0000000000000000000000000000001111111111110000000000000000000011111111111111111111111111111111111111111111111111111111111111111111111111110000111100001111111111111111111111111111111111110000111111111111111111110000000000000000111111110000000
0000000000000000000000000000111111111111110000000000000000000011111111111111111111111111111111111111111111111111111111111111111111111111110000111100001111111111111111111111111111111111110000111111111111111111110000000000000000111111110000000
0000000000000000000000000000111111111111110000000000000000000011111111111111111111111111111111111111111111111111111111111111111111111111110000111100001111111111111111111111111111111111110000111111111111111111110000000000000000111111110000000
0000000000000000000000001111111111000000000000111100000000111111111111111111111111111111111111111111111111111111111111111111111111111111110000000000001111111111111111111111111111111111111111111111111111111100000000000000000000111111110000000
0000000000000000000000001111111111000000000000111100000000111111111111111111111111111111111111111111111111111111111111111111111111111111110000000000001111111111111111111111111111111111111111111111111111111100000000000000000000111111110000000
0000000000000000000000111111111111000000000000111100000000111111111111111111111111111111111111111111111111111111111111111111111111111111110000000000001111111111111111111111111111111111111111111111111111111100000000000000000000111111110000000
0000000000000000000000111111111111000000000000111100000000111111111111111111111111111111111111111111111111111111111111111111111111111111110000000000001111111111111111111111111111111111111111111111111111111100000000000000000000111111110000000
0000000000000000000000111111111111000000000000111111111111111111111111111111111111111111111111111111111111111111111111111111111111111100000000000011111111111111111111111111111111111111111111111111111111111100000000000000000000111111110000000
0000000000000000000000111111111111000000000000111111111111111111111111111111111111111111111111111111111111111111111111111111111111111100000000000011111111111111111111111111111111111111111111111111111111111100000000000000000000111111110000000
0000000000000000000011111111111111000000000000111111111111111111111111111111111111111111111111111111111111111111111111111111111111111100000000000011111111111111111111111111111111111111111111111111111111111100000000000000000000111100000000000
0000000000000000000011111111111111000000000000111111111111111111111111111111111111111111111111111111111111111111111111111111111111111100000000000011111111111111111111111111111111111111111111111111111111111100000000000000000000111100000000000
0000000000000000001111111111110000000000001100111111111111111111111111111111111111111111111111111111111111111111111111111111111111111100000000000011111111111111111111111111111111111111111111111111111111111100000000000000000000111100000000000
0000000000000000001111111111110000000000001100111111111111111111111111111111111111111111111111111111111111111111111111111111111111111100000000000011111111111111111111111111111111111111111111111111111111111100000000000000000000111100000000000
0000000000000000001111111111110000000000001111111111111111111111111111111111111111111111111111111111111111111111111111111111111111111100000000000011111111111111111111111111111111111111111111111111111111111100000000000000000000111100000000000
0000000000000000001111111111110000000000001111111111111111111111111111111111111111111111111111111111111111111111111111111111111111111100000000000011111111111111111111111111111111111111111111111111111111111100000000000000000000111100000000000
0000000000000000111111111100000000000000001111111111111111111111111111111111111111111111111111111111111111111111111111111111111111111100000000111111111111111111111111111111111111111111110000000011111111111100000000000000000000110000000000000
0000000000000000111111111100000000000000001111111111111111111111111111111111111111111111111111111111111111111111111111111111111111111100000000111111111111111111111111111111111111111111110000000011111111111100000000000000000000110000000000000
0000000000000000111111111100000000000000001111111111111111111111111111111111111111111111111111111111111111111111111111111111111111111100000000111111111111111111111111111111111111111111110000000011111111111100000000000000000000110000000000000
0000000000000000111111111100000000000000001111111111111111111111111111111111111111111111111111111111111111111111111111111111111111111100000000111111111111111111111111111111111111111111110000000011111111111100000000000000000000110000000000000
0000000000000011111111111100000000000011111111111111111111111111111111111111111111111111111111111111111111111111111111111111111111000000001111111111111111111111111111111111111111111111110000000011111111111100000000000000000000000011000000000
0000000000000011111111111100000000000011111111111111111111111111111111111111111111111111111111111111111111111111111111111111111111000000001111111111111111111111111111111111111111111111110000000011111111111100000000000000000000000011000000000
0000000000000011111111111100000000000011111111111111111111111111111111111111111111111111111111111111111111111111111111111111111111000000001111111111111111111111111111111111111111111111110000000011111111111100000000000000000000000000000000000
0000000000000011111111111100000000000011111111111111111111111111111111111111111111111111111111111111111111111111111111111111111111000000001111111111111111111111111111111111111111111111110000000011111111111100000000000000000000000000000000000
0000000000000011111111000000000000111111111111111111111111111111111111111111111111111111111111111111111111111111111111111111110000000000001111111111111111111111111111111111111111111111111111111111111111111100000000000000000000000000000000000
0000000000000011111111000000000000111111111111111111111111111111111111111111111111111111111111111111111111111111111111111111110000000000001111111111111111111111111111111111111111111111111111111111111111111100000000000000000000000000000000000
0000000000000011111111000000000000111111111111111111111111111111111111111111111111111111111111111111111111111111111111111111110000000000001111111111111111111111111111111111111111111111111111111111111111111100000000000000000000110000000000000
0000000000000011111111000000000000111111111111111111111111111111111111111111111111111111111111111111111111111111111111111111110000000000001111111111111111111111111111111111111111111111111111111111111111111100000000000000000000110000000000000
0000000000001111111111111111111111111111111111111111111111111111111111111111111111111111111111111111111111111111111111111111110000000011111111111111111111111111111111111111111111111111111111111111111111111100000000000011111111110000000000000
0000000000001111111111111111111111111111111111111111111111111111111111111111111111111111111111111111111111111111111111111111110000000011111111111111111111111111111111111111111111111111111111111111111111111100000000000011111111110000000000000
1111111111111111111111111111111111111111111111111111111111111111111111111111111111111111111111111111111111111111111111111111110000000011111111111111111111111111111111111111111111111111111111111111111111111100000000000011111111000000000000000
1111111111111111111111111111111111111111111111111111111111111111111111111111111111111111111111111111111111111111111111111111110000000011111111111111111111111111111111111111111111111111111111111111111111111100000000000011111111000000000000000
1111111111111111111111111111111111111111111111111111111111111111111111111111111111111111111111111111111111111111111111111100000000000000001111111111111111111111111111111111111111111111111111111111111111111100000000000011111100000000000000000
1111111111111111111111111111111111111111111111111111111111111111111111111111111111111111111111111111111111111111111111111100000000000000001111111111111111111111111111111111111111111111111111111111111111111100000000000011111100000000000000000
1111111111111111111111111111111111111111111111111111111111111111111111111111111111111111111111111111111111111111111111111100000000000000001111111111111111111111111111111111111111111111111111111111111111111100000000000011110000000000000000000
1111111111111111111111111111111111111111111111111111111111111111111111111111111111111111111111111111111111111111111111111100000000000000001111111111111111111111111111111111111111111111111111111111111111111100000000000011110000000000000000000
1111111111111111111111111111111111111111111111111111111111111111111111111111111111111111111111111111111111111111111111111111110000000000000000111111111111111111111111111111111111111111111111111111111111111111110000000011110000000000000000000
1111111111111111111111111111111111111111111111111111111111111111111111111111111111111111111111111111111111111111111111111111110000000000000000111111111111111111111111111111111111111111111111111111111111111111110000000011110000000000000000000
1111111111111111111111111111111111111111111111111111111111111111111111111111111111111111111111111111111111111111111111111111110000000000000000111111111111111111111111111111111111111111111111111111111111111111110000000000000000000000000000000
1111111111111111111111111111111111111111111111111111111111111111111111111111111111111111111111111111111111111111111111111111110000000000000000111111111111111111111111111111111111111111111111111111111111111111110000000000000000000000000000000
1111111111111111111111111111111111111111111111111111111111111111111111111111111111111111111111111111111111111111111111111111110000000000000000111111111111111111111111111111111111111111111111111111111111000000000000111100000011000000000000000
1111111111111111111111111111111111111111111111111111111111111111111111111111111111111111111111111111111111111111111111111111110000000000000000111111111111111111111111111111111111111111111111111111111111000000000000111100000011000000000000000
1111111111111111111111111111111111111111111111111111111111111111111111111111111111111111111111111111111111111111111111111111110000000000000000111111111111111111111111111111111111111111111111111111111111000000000000111100000000000000000000000
1111111111111111111111111111111111111111111111111111111111111111111111111111111111111111111111111111111111111111111111111111110000000000000000111111111111111111111111111111111111111111111111111111111111000000000000111100000000000000000000000
1111111111111111110000000000000000000011111111111111111111111111111111111111111111111111111111111111111111111111111111111111110000000000001111111111111111111111111111111111111111111111111111111111110000000000001111111100000000000000000000000
1111111111111111110000000000000000000011111111111111111111111111111111111111111111111111111111111111111111111111111111111111110000000000001111111111111111111111111111111111111111111111111111111111110000000000001111111100000000000000000000000
1111111111111111110000000000000000000011111111111111111111111111111111111111111111111111111111111111111111111111111111111111110000000000001111111111111111111111111111111111111111111111111111111111110000000000001111111111000000000000000000000
1111111111111111110000000000000000000011111111111111111111111111111111111111111111111111111111111111111111111111111111111111110000000000001111111111111111111111111111111111111111111111111111111111110000000000001111111111000000000000000000000
1111111111111111111111000000000000000011111111111111111111111111111111111111111111111111111111111111111111111111111111111111110000000000000000111111111111111111111111111111111111111111111111111111110000000000000000000011000000000000000000000
1111111111111111111111000000000000000011111111111111111111111111111111111111111111111111111111111111111111111111111111111111110000000000000000111111111111111111111111111111111111111111111111111111110000000000000000000011000000000000000000000
0000001111001111110011000000000000000011111111111111111111111111111111111111111111111111111111111111111111111111111111111111110000000000000000111111111111111111111111111111111111111111111111111111110000000000000000000011000000000000000000000
0000001111001111110011000000000000000011111111111111111111111111111111111111111111111111111111111111111111111111111111111111110000000000000000111111111111111111111111111111111111111111111111111111110000000000000000000011000000000000000000000
0000001111111111111111000000000000000011110000111111111111111111111111111111111111111111111111111111111111111111111111111111110000000000001111111111111111111111111111111111111111111111111111111111110000000000000000111111000000000000000000000
0000001111111111111111000000000000000011110000111111111111111111111111111111111111111111111111111111111111111111111111111111110000000000001111111111111111111111111111111111111111111111111111111111110000000000000000111111000000000000000000000
0000001111111111111111000000000000000011110000111111111111111111111111111111111111111111111111111111111111111111111111111111110000000000001111111111111111111111111111111111111111111111111111111111110000000000000000111100000000000000000000000
0000001111111111111111000000000000000011110000111111111111111111111111111111111111111111111111111111111111111111111111111111110000000000001111111111111111111111111111111111111111111111111111111111110000000000000000111100000000000000000000000
0000000000111111111111000000000000000011111111111111111111111111111111111111111111111111111111111111111111111111111111111111111111000000000000111111111111111111111111111111111111111111111111111111110000111100001111111100000000000000000000000
0000000000111111111111000000000000000011111111111111111111111111111111111111111111111111111111111111111111111111111111111111111111000000000000111111111111111111111111111111111111111111111111111111110000111100001111111100000000000000000000000
0000001111001111111111000000000000000011111111111111111111111111111111111111111111111111111111111111111111111111111111111111111111000000000000111111111111111111111111111111111111111111111111111111110000111100001111111100000000000000000000000
0000001111001111111111000000000000000011111111111111111111111111111111111111111111111111111111111111111111111111111111111111111111000000000000111111111111111111111111111111111111111111111111111111110000111100001111111100000000000000000000000
0000001111000000000011000000000000000000001111000011111111111111111111111111111111111111111111111111110000111111111111111111111111000000001111111111111111111111111111111111111111111111111111000000000000000000001111111100000000000000000000000
0000001111000000000011000000000000000000001111000011111111111111111111111111111111111111111111111111110000111111111111111111111111000000001111111111111111111111111111111111111111111111111111000000000000000000001111111100000000000000000000000
0000000000000000000011000000000000000000001111000011111111111111111111111111111111111111111111111111110000111111111111111111111111000000001111111111111111111111111111111111111111111111111111000000000000000000001111111100000000000000000000000
0000000000000000000011000000000000000000001111000011111111111111111111111111111111111111111111111111110000111111111111111111111111000000001111111111111111111111111111111111111111111111111111000000000000000000001111111100000000000000000000000
0000000000000000000011111100000000000000000000000011110000000011111111111111111111111111111111111111111111111111111111111111110000000011111111111111111111111111111111111111111111111111111111000000000000000011111111111100000000000000000000000
0000000000000000000011111100000000000000000000000011110000000011111111111111111111111111111111111111111111111111111111111111110000000011111111111111111111111111111111111111111111111111111111000000000000000011111111111100000000000000000000000
0000000000111100000011111100000000000000000000000011110000000011111111111111111111111111111111111111111111111111111111111111110000000011111111111111111111111111111111111111111111111111111111000000000000000011111111110000000000000000000000000
0000000000111100000011111100000000000000000000000011110000000011111111111111111111111111111111111111111111111111111111111111110000000011111111111111111111111111111111111111111111111111111111000000000000000011111111110000000000000000000000000
0000000000111100000011111111111111000000000000000000000000000011111111111111111111111100000000111111111111111111111111111111111111111111111111111111111111111111111111111111111111111111111111000011111111000011111111110000000000000000000000000
0000000000111100000011111111111111000000000000000000000000000011111111111111111111111100000000111111111111111111111111111111111111111111111111111111111111111111111111111111111111111111111111000011111111000011111111110000000000000000000000000
0000000000000000001111111111111111000000000000000000000000000011111111111111111111111100000000111111111111111111111111111111111111111111111111111111111111111111111111111111111111111111111111000011111111000011111111000000000000000000000000000
0000000000000000001111111111111111000000000000000000000000000011111111111111111111111100000000111111111111111111111111111111111111111111111111111111111111111111111111111111111111111111111111000011111111000011111111000000000000000000000000000
0000000000000000001111111111111111000000000000000000000000111111110000000011111111000000000000111111111111111111111111111111111111111111111111111111111111111111111111111111111111111111111111000011111111000011111111000000000000000000000000000
0000000000000000001111111111111111000000000000000000000000111111110000000011111111000000000000111111111111111111111111111111111111111111111111111111111111111111111111111111111111111111111111000011111111000011111111000000000000000000000000000
0000000000000000001111111111111111000000000000000000000000111111110000000011111111000000000000111111111111111111111111111111111111111111111111111111111111111111111111111111111111111111111111000011111111000011111100000000000000000000000000000
0000000000000000001111111111111111000000000000000000000000111111110000000011111111000000000000111111111111111111111111111111111111111111111111111111111111111111111111111111111111111111111111000011111111000011111100000000000000000000000000000
0000000000000000000011111111111111111111110000000000000000000000000000000000000000000000000000111111111111111111111111111111111111111111111111111111111111111111111111111111111111111111111111000000001111000011110000000000000000000000000000000
0000000000000000000011111111111111111111110000000000000000000000000000000000000000000000000000111111111111111111111111111111111111111111111111111111111111111111111111111111111111111111111111000000001111000011110000000000000000000000000000000
0000000000000000000011111111111111111111110000000000000000000000000000000000000000000000000000111111111111111111111111111111111111111111111111111111111111111111111111111111111111111111111111000000001111000011111111110000000000000000000000000
0000000000000000000011111111111111111111110000000000000000000000000000000000000000000000000000111111111111111111111111111111111111111111111111111111111111111111111111111111111111111111111111000000001111000011111111110000000000000000000000000
0000000000000000000000001111111111111111111111111111111111000000000000000000000000000000001111111111111111111111111111111111111111111111111111111111111111111111111111111111111111111111111111000000000000000011111111110000000000000000000000000
0000000000000000000000001111111111111111111111111111111111000000000000000000000000000000001111111111111111111111111111111111111111111111111111111111111111111111111111111111111111111111111111000000000000000011111111110000000000000000000000000
0000000000000000000000001111111111111111111111111111111111000000000000000000000000000000001111111111111111111111111111111111111111111111111111111111111111111111111111111111111111111111111111000000000000000011111111000000000000000000000000000
0000000000000000000000001111111111111111111111111111111111000000000000000000000000000000001111111111111111111111111111111111111111111111111111111111111111111111111111111111111111111111111111000000000000000011111111000000000000000000000000000
0000000000000000000000001111111111111111111111111111111111000000000000000000000000000000000000111111111111111111111111111111111111111111111111111111111111111111111111111111111111111111110000000000000000111111111100000000000000000000000000000
0000000000000000000000001111111111111111111111111111111111000000000000000000000000000000000000111111111111111111111111111111111111111111111111111111111111111111111111111111111111111111110000000000000000111111111100000000000000000000000000000
0000000000000000000000001111111100000000111111111111111111000000000000000000000000000000000000111111111111111111111111111111111111111111111111111111111111111111111111111111111111111111110000000000000000111111111100000000000000000000000000000
0000000000000000000000001111111100000000111111111111111111000000000000000000000000000000000000111111111111111111111111111111111111111111111111111111111111111111111111111111111111111111110000000000000000111111111100000000000000000000000000000
0000000000000000000000000000000000000000000000111111111111000000000000000000000000000000000000000011111111111111111111111111111111111111111111111111111111111111111111111111111111111111110000000000000000111111111100000000000000000000000000000
0000000000000000000000000000000000000000000000111111111111000000000000000000000000000000000000000011111111111111111111111111111111111111111111111111111111111111111111111111111111111111110000000000000000111111111100000000000000000000000000000
0000000000000000000000000000000000111100000000111111111111000000000000000000000000000000000000000011111111111111111111111111111111111111111111111111111111111111111111111111111111111111110000000000000000111111110000000000000000000000000000000
0000000000000000000000000000000000111100000000111111111111000000000000000000000000000000000000000011111111111111111111111111111111111111111111111111111111111111111111111111111111111111110000000000000000111111110000000000000000000000000000000
0000000000001111000000000000000000001111110000001111111111111111110000000000000000000000000000000011111111111111111111111111111111111111111111111111111111111111111111111111111111111111110000000000001111110000000000000000000000000000000000000
0000000000001111000000000000000000001111110000001111111111111111110000000000000000000000000000000011111111111111111111111111111111111111111111111111111111111111111111111111111111111111110000000000001111110000000000000000000000000000000000000
0000000000000000000000000000000000000000111100000011111111111111110000000000000000000000000000000011111111111111111111111111111111111111111111111111111111111111111111111111111111111111110000000000001111110000000000000000000000000000000000000
0000000000000000000000000000000000000000111100000011111111111111110000000000000000000000000000000011111111111111111111111111111111111111111111111111111111111111111111111111111111111111110000000000001111110000000000000000000000000000000000000
0000000000000000001111000000000000000000000011000000111111111111111111111111111111000000000000000000001111111111111111111111111111111111111111111111111111111111111111111111111111000000000000000011111111110000000000000000000000000000000000000
0000000000000000001111000000000000000000000011000000111111111111111111111111111111000000000000000000001111111111111111111111111111111111111111111111111111111111111111111111111111000000000000000011111111110000000000000000000000000000000000000
0000000000000000000000000000000000000000000011000000111111111111111111111111111111000000000000000000001111111111111111111111111111111111111111111111111111111111111111111111111111000000000000000011111100000000000000000000000000000000000000000
0000000000000000000000000000000000000000000011000000111111111111111111111111111111000000000000000000001111111111111111111111111111111111111111111111111111111111111111111111111111000000000000000011111100000000000000000000000000000000000000000
0000000000000000000000000000000000110000001100000000000000111111111111111111111111111111110000000000000000000011111111111111111111111111111111111111111111111111111111111100000000000011111111111111000000000000000000000000000000000000000000000
0000000000000000000000000000000000110000001100000000000000111111111111111111111111111111110000000000000000000011111111111111111111111111111111111111111111111111111111111100000000000011111111111111000000000000000000000000000000000000000000000
0000000000000000000000000000000011000000110000000000000000001111110000001111111111111111110000000000000000000011111111111111111111111111111111111111111111111111111111111100000000000011111111110000000000000000000000000000000000000000000000000
0000000000000000000000000000000011000000110000000000000000001111110000001111111111111111110000000000000000000011111111111111111111111111111111111111111111111111111111111100000000000011111111110000000000000000000000000000000000000000000000000
0000000000000000000000000000000000000011000000000000000000000000110000001111111111111111111111000000000000000000000000111111111111111111111111111111111111111111110000000000000000000011111111110000000000000000000000000000000000000000000000000
0000000000000000000000000000000000000011000000000000000000000000110000001111111111111111111111000000000000000000000000111111111111111111111111111111111111111111110000000000000000000011111111110000000000000000000000000000000000000000000000000
0000000000000000000000000000000000000000000000110000000000000000000000000000001111111111111111000000000000000000000000111111111111111111111111111111111111111111110000000000000000000011111111000000000000000000000000000000000000000000000000000
0000000000000000000000000000000000000000000000110000000000000000000000000000001111111111111111000000000000000000000000111111111111111111111111111111111111111111110000000000000000000011111111000000000000000000000000000000000000000000000000000
0000000000000000000000000000000000000000000011110000000000000000000000000000000011111111111111111100000000111100000000000000001111111111111111111111111111000011110000000000000000111111111100000000000000000000000000000000000000000000000000000
0000000000000000000000000000000000000000000011110000000000000000000000000000000011111111111111111100000000111100000000000000001111111111111111111111111111000011110000000000000000111111111100000000000000000000000000000000000000000000000000000
0000000000000000000000000000000000000000000000000000000000000000000000000000000000001111111111111100000000111100000000000000001111111111111111111111111111000011110000000000000000111100000000000000000000000000000000000000000000000000000000000
0000000000000000000000000000000000000000000000000000000000000000000000000000000000001111111111111100000000111100000000000000001111111111111111111111111111000011110000000000000000111100000000000000000000000000000000000000000000000000000000000
0000000000000000000000000000000000000000000000000000001100000000000000000000110000000011111111111100000000000011110000000000000000111111111111111111111111000000000000000000001111110000000000000000000000000000000000000000000000000000000000000
0000000000000000000000000000000000000000000000000000001100000000000000000000110000000011111111111100000000000011110000000000000000111111111111111111111111000000000000000000001111110000000000000000000000000000000000000000000000000000000000000
0000000000000000000000000000000000000000000000000000111100000000000000000000001111000000001111111100000000000011110000000000000000111111111111111111111111000000000000000000001100000011111100000000000000000000000000000000000000000000000000000
0000000000000000000000000000000000000000000000000000111100000000000000000000001111000000001111111100000000000011110000000000000000111111111111111111111111000000000000000000001100000011111100000000000000000000000000000000000000000000000000000
0000000000000000000000000000000000000000000000000000000000000000000000000000000000000000000000111111110000000000000000000000000000111111111111111100000000000011111111111111110000001111111100000000000000000000000000000000000000000000000000000
0000000000000000000000000000000000000000000000000000000000000000000000000000000000000000000000111111110000000000000000000000000000111111111111111100000000000011111111111111110000001111111100000000000000000000000000000000000000000000000000000
0000000000000000000000000000000000000000000000000000000000000000000000000000000000000000000000111111110000000000000000000000000000111111111111111100000000000011111111111111000000001111110000000000000000000000000000000000000000000000000000000
0000000000000000000000000000000000000000000000000000000000000000000000000000000000000000000000111111110000000000000000000000000000111111111111111100000000000011111111111111000000001111110000000000000000000000000000000000000000000000000000000
0000000000000000000000000000000000000000000000000000000000000000000000000000000000000000000000111111111111000000000000000000001111111111111111111100000000111111111111111111000000001111000000000000000000000000000000000000000000000000000000000
0000000000000000000000000000000000000000000000000000000000000000000000000000000000000000000000111111111111000000000000000000001111111111111111111100000000111111111111111111000000001111000000000000000000000000000000000000000000000000000000000
0000000000000000000000000000000000000000000000000000000000000011000000000000000000110000000000111111111111000000000000000000001111111111111111111100000000111111111111111111000000000000000000000000000000000000000000000000000000000000000000000
0000000000000000000000000000000000000000000000000000000000000011000000000000000000110000000000111111111111000000000000000000001111111111111111111100000000111111111111111111000000000000000000000000000000000000000000000000000000000000000000000
0000000000000000000000000000000000000000000000000000000000000011000000000000000000110000000000001111111111111100000000000000001111111111111111111100000000000011000000000000000000000000000000000000000000000000000000000000000000000000000000000
0000000000000000000000000000000000000000000000000000000000000011000000000000000000110000000000001111111111111100000000000000001111111111111111111100000000000011000000000000000000000000000000000000000000000000000000000000000000000000000000000
0000000000000000000000000000000000000000000000000000000000000000000000000000000000000000000000000011111111111100000000000000001111111111111111111100000000000011000000000000000000000000000000000000000000000000000000000000000000000000000000000
0000000000000000000000000000000000000000000000000000000000000000000000000000000000000000000000000011111111111100000000000000001111111111111111111100000000000011000000000000000000000000000000000000000000000000000000000000000000000000000000000
0000000000000000000000000000000000000000000000000000000000000000000000000000000000000000110000000000111111111111110000111100001111111111111111111100000000000000000000000000000000000000000000000000000000000000000000000000000000000000000000000
0000000000000000000000000000000000000000000000000000000000000000000000000000000000000000110000000000111111111111110000111100001111111111111111111100000000000000000000000000000000000000000000000000000000000000000000000000000000000000000000000
0000000000000000000000000000000000000000000000000000000000000000000000000000000000000000000000000000111111111111110000111100001111111111111111111100000000000000000000000000000000000000000000000000000000000000000000000000000000000000000000000
0000000000000000000000000000000000000000000000000000000000000000000000000000000000000000000000000000111111111111110000111100001111111111111111111100000000000000000000000000000000000000000000000000000000000000000000000000000000000000000000000
0000000000000000000000000000000000000000000000000000000000000000000000000000000000000000000000000000001111111111110000000000001111111111111111000000000000000000000000000000000000000000000000000000000000000000000000000000000000000000000000000
0000000000000000000000000000000000000000000000000000000000000000000000000000000000000000000000000000001111111111110000000000001111111111111111000000000000000000000000000000000000000000000000000000000000000000000000000000000000000000000000000
0000000000000000000000000000000000000000000000000000000000000000000000000000000000000000000000000000000011111111110000000000001111111111111111000000000000000000000000000000000000000000000000000000000000000000000000000000000000000000000000000
0000000000000000000000000000000000000000000000000000000000000000000000000000000000000000000000000000000011111111110000000000001111111111111111000000000000000000000000000000000000000000000000000000000000000000000000000000000000000000000000000
0000000000000000000000000000000000000000000000000000000000000000000000000000000000000000000000000000000011111111111111000000000000111111111111000000000000110000000000000000000000000000000000000000000000000000000000000000000000000000000000000
0000000000000000000000000000000000000000000000000000000000000000000000000000000000000000000000000000000011111111111111000000000000111111111111000000000000110000000000000000000000000000000000000000000000000000000000000000000000000000000000000
0000000000000000000000000000000000000000000000000000000000000000000000000000000000000000000000000000000000111111111111000000000000111111111111000000000000000000000000000000000000000000000000000000000000000000000000000000000000000000000000000
0000000000000000000000000000000000000000000000000000000000000000000000000000000000000000000000000000000000111111111111000000000000111111111111000000000000000000000000000000000000000000000000000000000000000000000000000000000000000000000000000
0000000000000000000000000000000000000000000000000000000000000000000000000000000000000000000000000000000000000011111111000000001111111111111111111100000000110000000000000000000000000000000000000000000000000000000000000000000000000000000000000
0000000000000000000000000000000000000000000000000000000000000000000000000000000000000000000000000000000000000011111111000000001111111111111111111100000000110000000000000000000000000000000000000000000000000000000000000000000000000000000000000
0000000000000000000000000000000000000000000000000000000000000000000000000000000000000000000000000000000000000000111111000000001111111111111111111100000000000000000000000000000000000000000000000000000000000000000000000000000000000000000000000
0000000000000000000000000000000000000000000000000000000000000000000000000000000000000000000000000000000000000000111111000000001111111111111111111100000000000000000000000000000000000000000000000000000000000000000000000000000000000000000000000
0000000000000000000000000000000000000000000000000000000000000000000000000000000000000000000000000000000000110000001111000000001111111111111111000000000000000000000000000000000000000000000000000000000000000000000000000000000000000000000000000
0000000000000000000000000000000000000000000000000000000000000000000000000000000000000000000000000000000000110000001111000000001111111111111111000000000000000000000000000000000000000000000000000000000000000000000000000000000000000000000000000
0000000000000000000000000000000000000000000000000000000000000000000000000000000000000000000000000000000000000000001111000000001111111111111111000000000000000000000000000000000000000000000000000000000000000000000000000000000000000000000000000
0000000000000000000000000000000000000000000000000000000000000000000000000000000000000000000000000000000000000000001111000000001111111111111111000000000000000000000000000000000000000000000000000000000000000000000000000000000000000000000000000
0000000000000000000000000000000000000000000000000000000000000000000000000000000000000000000000000000000000000000000011000000001111111111111111111111111111000000000000000000000000000000000000000000000000000000000000000000000000000000000000000
0000000000000000000000000000000000000000000000000000000000000000000000000000000000000000000000000000000000000000000011000000001111111111111111111111111111000000000000000000000000000000000000000000000000000000000000000000000000000000000000000
0000000000000000000000000000000000000000000000000000000000000000000000000000000000000000000000000000000000000000000011000000001111111111111111111111111111000000000000000000000000000000000000000000000000000000000000000000000000000000000000000
0000000000000000000000000000000000000000000000000000000000000000000000000000000000000000000000000000000000000000000011000000001111111111111111111111111111000000000000000000000000000000000000000000000000000000000000000000000000000000000000000
0000000000000000000000000000000000000000000000000000000000000000000000000000000000000000000000000000000000000000000011000000001111111111111111111111111111000000000000000000000000000000000000000000000000000000000000000000000000000000000000000
