-7
252
-114
91
00000000000000000000000000000000000000000000000000000000000000000000000000000000000000000000000000000000000000000000000000000000000000000000000000000000000000000000000000000000000000000000000000000000000000000000000000000000000000000000000000000000000000000000
00000000000000000000000000000000000000000000000000000000000000000000000000000000000000000000000000000000000000000000000000000000000000000000000000011111100000000000000000000000000000000000000000000000000000000000000000000000000000000000000000000000000000000000
00000000000000000000000000000000000000000000000000000000000000000000000000000000000000000000000000000000000000000000000000000000000000000001111000011111111000000000000000000000000000000000000000000000000000000000000000000000000000000000000000000000000000000000
00000000000000000000000000000000000000000000000000000000000000000000000000000000000000000000000000000000000000000000000000000000000000000001111000011111111000000000000000000000000000000000000000000000000000000000000000000000000000000000000000000000000000000000
00000000000000000000000000000000000000000000000000000000000000000000000000000000000000000000000000000000000000000000000000000000000000000000000000000001111000000000000001111111111110000000000000000000000000000000000000000000000000000000000000000000000000000000
00000000000000000000000000000000000000000000000000000000000000000000000000000000000000000000000000000000000000000000000000000000000000000000000000000001111000000000000001111111111110000000000000000000000000000000000000000000000000000000000000000000000000000000
00000000000000000000000000000000000000000000000000000000000000000000000000000000000000000000000000000000000000000110000000000000000000000000000000000001111111111000011111111111100111111000000000000000000000000000000000000000000000000000000000000000000000000000
00000000000000000000000000000000000000000000000000000000000000000000000000000000000000000000000000000000000000000110000000000000000000000000000000000001111111111000011111111111100111111000000000000000000000000000000000000000000000000000000000000000000000000000
00000000000000000000000000000000000000000000000000000000000000000000000000000000000000000000000000011110000000000000000000000000000000011111111111100000000111111111111111111111100000011000000000000000000000000000000000000000000000000000000000000000000000000000
00000000000000000000000000000000000000000000000000000000000000000000000000000000000000000000000000011110000000000000000000000000000000011111111111100000000111111111111111111111100000011000000000000000000000000000000000000000000000000000000000000000000000000000
00000000000000000000000000000000000000000000000000000000000000000000000000000000000000000000000111111111111000000000000000000000000000011111111111100000000111111111111111111111111110011000000000000000000000000000000000000000000000000000000000000000000000000000
00000000000000000000000000000000000000000000000000000000000000000000000000000000000000000000000111111111111000000000000000000000000000011111111111100000000111111111111111111111111110011000000000000000000000000000000000000000000000000000000000000000000000000000
00000000000000000000000000000000000000000000000000000000000000000000000000000000000000000000000000000000000111111111111111111111111111111001111111111110000111100000000000000001111110011000000000000000000000000000000000000000000000000000000000000000000000000000
00000000000000000000000000000000000000000000000000000000000000000000000000000000000000000000000000000000000111111111111111111111111111111001111111111110000111100000000000000001111110011000000000000000000000000000000000000000000000000000000000000000000000000000
00000000000000000000000000000000000000000000000000000000000000000000000000000000000000000000000000000000000111111111111111111111111111111111111110011110000111100000000000000001111111111111100000000000000000000000000000000000000000000000000000000000000000000000
00000000000000000000000000000000000000000000000000000000000000000000000000000000000000000000000000000000000111111111111111111111111111111111111110011110000111100000000000000001111111111111100000000000000000000000000000000000000000000000000000000000000000000000
00000000000000000000000000000000000000000000000000000000000000000000000000000000000001100000000000000001111111111111111111111111111111111111111111111110000000000001111111100000000000011001111111111111100000000000000000000000000000000000000000000000000000000000
00000000000000000000000000000000000000000000000000000000000000000000000000000000000001100000000000000001111111111111111111111111111111111111111111111110000000000001111111100000000000011001111111111111100000000000000000000000000000000000000000000000000000000000
00000000000000000000000000000000000000000000000000000000000000000000000000000000000001100000000000000001111111111111111111111111111111111111111111111110000000000001111111100000000000011111111000011111100000000000000000000000000000000000000000000000000000000000
00000000000000000000000000000000000000000000000000000000000000000000000000000000000001100000000000000001111111111111111111111111111111111111111111111110000000000001111111100000000000011111111000011111100000000000000000000000000000000000000000000000000000000000
00000000000000000000000000000000000000000000000000000000000000000000000000000000000111100000000000000001111111111111111111111111111111111111111111111111111111111111111111111111111000000000000111111111100000000000000000000000000000000000000000000000000000000000
00000000000000000000000000000000000000000000000000000000000000000000000000000000000111100000000000000001111111111111111111111111111111111111111111111111111111111111111111111111111000000000000111111111100000000000000000000000000000000000000000000000000000000000
00000000000000000000000000000000000000000000000000000000000000000000000000000000000111100000000000000001111111111111111111111111111111111111111111111111111111111111100111111111111000000000000111111111100000000000000000000000000000000000000000000000000000000000
00000000000000000000000000000000000000000000000000000000000000000000000000000000000111100000000000000001111111111111111111111111111111111111111111111111111111111111100111111111111000000000000111111111100000000000000000000000000000000000000000000000000000000000
00000000000000000000000000000000000000000000000000000000000000000000000000000001111000011111111000000001111111111111111111111111111111111111111111111111111111111111111111111111111111111110000111111111100000000000000000000000000000000000000000000000000000000000
00000000000000000000000000000000000000000000000000000000000000000000000000000001111000011111111000000001111111111111111111111111111111111111111111111111111111111111111111111111111111111110000111111111100000000000000000000000000000000000000000000000000000000000
00000000000000000000000000000000000000000000000000000000000000000000000000000111111000011111111000000001111111111111111111111111111111111111111111111111111111111111111111111111111111111110000111111001100000000000000000000000000000000000000000000000000000000000
00000000000000000000000000000000000000000000000000000000000000000000000000000111111000011111111000000001111111111111111111111111111111111111111111111111111111111111111111111111111111111110000111111001100000000000000000000000000000000000000000000000000000000000
00000000000000000000000000000000000000000000000000000000000000000000000000000001111000011111111000000001111111111111111111111111111111111111111111111111111111111111111111111111111111111110000111111111100000000000000000000000000000000000000000000000000000000000
00000000000000000000000000000000000000000000000000000000000000000000000000000001111000011111111000000001111111111111111111111111111111111111111111111111111111111111111111111111111111111110000111111111100000000000000000000000000000000000000000000000000000000000
00000000000000000000000000000000000000000000000000000000000000000000000111100001111000011111111000000001111111111111111111111111111111111111111111111111111111111111111111111111111111111110000111100110000000000000000000000000000000000000000000000000000000000000
00000000000000000000000000000000000000000000000000000000000000000000000111100001111000011111111000000001111111111111111111111111111111111111111111111111111111111111111111111111111111111110000111100110000000000000000000000000000000000000000000000000000000000000
00000000000000000000000000000000000000000000000000000000000000000110000000000000000000011111111111111111111111111111111111111111111111111111111111111111111111111111111111111111111111100000000111111110000000000000000000000000000000000000000000000000000000000000
00000000000000000000000000000000000000000000000000000000000000000110000000000000000000011111111111111111111111111111111111111111111111111111111111111111111111111111111111111111111111100000000111111110000000000000000000000000000000000000000000000000000000000000
00000000000000000000000000000000000000000000000000000000000000011110000000000000000000011111111111111111111111111111111111111111111111111111111111111111111111111111111111111111111111100000000110011000000000000000000000000000000000000000000000000000000000000000
00000000000000000000000000000000000000000000000000000000000000011110000000000000000000011111111111111111111111111111111111111111111111111111111111111111111111111111111111111111111111100000000110011000000000000000000000000000000000000000000000000000000000000000
00000000000000000000000000000000000000000000000000000000000001100000000000000001111000011111111111111111111111111111111111111111111111111111111111111111111111111111111111111111111111100001111111111000000000000000000000000000000000000000000000000000000000000000
00000000000000000000000000000000000000000000000000000000000001100000000000000001111000011111111111111111111111111111111111111111111111111111111111111111111111111111111111111111111111100001111111111000000000000000000000000000000000000000000000000000000000000000
00000000000000000000000000000000000000000000000000000000011111100000000000000001111000011111111111111111111111111111111111111111111111111111111111111111111111111111111111111111111111100001111111100000000000000000000000000000000000000000000000000000000000000000
00000000000000000000000000000000000000000000000000000000011111100000000000000001111000011111111111111111111111111111111111111111111111111111111111111111111111111111111111111111111111100001111111100000000000000000000000000000000000000000000000000000000000000000
00000000000000000000000000000000000000000000000000000000011000000000000111111111111111111111111111111111111111111111111111111111111111111111111111111111111111111111111111111111111111100001111111100000000000000000000000000000000000000000000000000000000000000000
00000000000000000000000000000000000000000000000000000000011000000000000111111111111111111111111111111111111111111111111111111111111111111111111111111111111111111111111111111111111111100001111111100000000000000000000000000000000000000000000000000000000000000000
00000000000000000000000000000000000000000000000000000001111000000000000111111111111111111111111111111111111111111111111111111111111111111111111111111111111111111111111111111111111111100001111111100000000000000000000000000000000000000000000000000000000000000000
00000000000000000000000000000000000000000000000000000001111000000000000111111111111111111111111111111111111111111111111111111111111111111111111111111111111111111111111111111111111111100001111111100000000000000000000000000000000000000000000000000000000000000000
00000000000000000000000000000000000000000000000000000001111000000001111111111111111111111111111111111111111111111111111111111111111111111111111111111111111111111111111111111111111111100001111110000000000000000000000000000000000000000000000000000000000000000000
00000000000000000000000000000000000000000000000000000001111000000001111111111111111111111111111111111111111111111111111111111111111111111111111111111111111111111111111111111111111111100001111110000000000000000000000000000000000000000000000000000000000000000000
00000000000000000000000000000000000000000000000000000001111000000001111111111111111111111111111111111111111111111111111111111111111111111111111111111111111111111111111111111111111111100001111111100000000000000000000000000000000000000000000000000000000000000000
00000000000000000000000000000000000000000000000000000001111000000001111111111111111111111111111111111111111111111111111111111111111111111111111111111111111111111111111111111111111111100001111111100000000000000000000000000000000000000000000000000000000000000000
00000000000000000000000000000000000000000000000000011000011000011111111111111111111111111111111111111111111111111111111111111111111111111111111111111111111111111111111111111110011111100000000001111000000000000000000000000000000000000000000000000000000000000000
00000000000000000000000000000000000000000000000000011000011000011111111111111111111111111111111111111111111111111111111111111111111111111111111111111111111111111111111111111110011111100000000001111000000000000000000000000000000000000000000000000000000000000000
00000000000000000000000000000000000000000000000000000001111000011111111111111111111111111111111111111111111111111111111111111111111111111111111111111111111111111111111111111111111111100000000111111000000000000000000000000000000000000000000000000000000000000000
00000000000000000000000000000000000000000000000000000001111000011111111111111111111111111111111111111111111111111111111111111111111111111111111111111111111111111111111111111111111111100000000111111000000000000000000000000000000000000000000000000000000000000000
00000000000000000000000000000000000000000000000000000000000000011111111111111111111111111111111111111111111111111111111111111111111111111111111111111111111111111111111111111111111111111110000001111000000000000000000000000000000000000000000000000000000000000000
00000000000000000000000000000000000000000000000000000000000000011111111111111111111111111111111111111111111111111111111111111111111111111111111111111111111111111111111111111111111111111110000001111000000000000000000000000000000000000000000000000000000000000000
00000000000000000000000000000000000000000000000000000110000000011111111111111111111111111111111111111111111111111111111111111111111111111110011111111111111111111111111111111111111111111110000111111110000000000000000000000000000000000000000000000000000000000000
00000000000000000000000000000000000000000000000000000110000000011111111111111111111111111111111111111111111111111111111111111111111111111110011111111111111111111111111111111111111111111110000111111110000000000000000000000000000000000000000000000000000000000000
00000000000000000000000000000000000000000000000000000000000000000001111111111111111111111111111111111111111111111111111000011000000000011111111111111111111111111111111111111111111111111110000000011000000000000000000000000000000000000000000000000000000000000000
00000000000000000000000000000000000000000000000000000000000000000001111111111111111111111111111111111111111111111111111000011000000000011111111111111111111111111111111111111111111111111110000000011000000000000000000000000000000000000000000000000000000000000000
00000000000000000000000000000000000000000000000000000000000000000001111001111111111111111111111111111111111111111111111000011110000000011111111111111111111111111111111111111111111111111110000110011000000000000000000000000000000000000000000000000000000000000000
00000000000000000000000000000000000000000000000000000000000000000001111001111111111111111111111111111111111111111111111000011110000000011111111111111111111111111111111111111111111111111110000110011000000000000000000000000000000000000000000000000000000000000000
00000000000000000000000000000000000000000000000001100000000000000001111111111111111111111111111111111111111111111111111000000001111000011111111110011111111111111111111111111111111111100000000110011000000000000000000000000000000000000000000000000000000000000000
00000000000000000000000000000000000000000000000001100000000000000001111111111111111111111111111111111111111111111111111000000001111000011111111110011111111111111111111111111111111111100000000110011000000000000000000000000000000000000000000000000000000000000000
00000000000000000000000000000000000000000000000111100000000000000001111111111111111111111111111111111111111111111111111000000001111000011111111110011111111111111111111111111111111111100000000111111000000000000000000000000000000000000000000000000000000000000000
00000000000000000000000000000000000000000000000111100000000000000001111111111111111111111111111111111111111111111111111000000001111000011111111110011111111111111111111111111111111111100000000111111000000000000000000000000000000000000000000000000000000000000000
00000000000000000000000000000000000000000000000001111110000000011111111111111111111111111111111111111111111111100001111111111111111111100001111111111111111111111111111111111111111110000001111111100000000000000000000000000000000000000000000000000000000000000000
00000000000000000000000000000000000000000000000001111110000000011111111111111111111111111111111111111111111111100001111111111111111111100001111111111111111111111111111111111111111110000001111111100000000000000000000000000000000000000000000000000000000000000000
00000000000000000000000000000000000000000000000001111110000000011111111111111111111111111111111111111111111111100000011111111111111111100001111111111111111111111111111111111111111001100001111110000000000000000000000000000000000000000000000000000000000000000000
00000000000000000000000000000000000000000000000001111110000000011111111111111111111111111111111111111111111111100000011111111111111111100001111111111111111111111111111111111111111001100001111110000000000000000000000000000000000000000000000000000000000000000000
00000000000000000000000000000000000000000000000111100000000111111111111111111111111111111111111111111111111111111111111111100000011111100001111111111111111111111111111111111111111000000001111000000000000000000000000000000000000000000000000000000000000000000000
00000000000000000000000000000000000000000000000111100000000111111111111111111111111111111111111111111111111111111111111111100000011111100001111111111111111111111111111111111111111000000001111000000000000000000000000000000000000000000000000000000000000000000000
00000000000000000000000000000000011000000000011111100000000111111111111111111111111111111111111111111111111111111111111000000000000111100001111111111111111111111111111111111111111000000001111000000000000000000000000000000000000000000000000000000000000000000000
00000000000000000000000000000000011000000000011111100000000111111111111111111111111111111111111111111111111111111111111000000000000111100001111111111111111111111111111111111111111000000001111000000000000000000000000000000000000000000000000000000000000000000000
00000000000000000000000000000000000000011111111111100001111111111111111111111111111111111111111111111110000000011000000000000000000000011111111001111111111111111111111000000000000000011110000000000000000000000000000000000000000000000000000000000000000000000000
00000000000000000000000000000000000000011111111111100001111111111111111111111111111111111111111111111110000000011000000000000000000000011111111001111111111111111111111000000000000000011110000000000000000000000000000000000000000000000000000000000000000000000000
00000000000000000000000000000000000000011111111111100001111111111111111111111111111111111111111111111110000000000000000000000000000000011111111001111111111111111111111000000000000000011000000000000000000000000000000000000000000000000000000000000000000000000000
00000000000000000000000000000000000000011111111111100001111111111111111111111111111111111111111111111110000000000000000000000000000000011111111001111111111111111111111000000000000000011000000000000000000000000000000000000000000000000000000000000000000000000000
00000000000000000000000000000000000000000000000000000001111111111111111111111111111111111111111111111110000000000000000000000000011000011111111111111111111111111111111000000000000110011000000000000000000000000000000000000000000000000000000000000000000000000000
00000000000000000000000000000000000000000000000000000001111111111111111111111111111111111111111111111110000000000000000000000000011000011111111111111111111111111111111000000000000110011000000000000000000000000000000000000000000000000000000000000000000000000000
00000000000000000000000000000000000111100000000000000001111111111111111111111111111111111111111111111110000000000000000000000001111000011111111111111111111111111111111000000000000110011000000000000000000000000000000000000000000000000000000000000000000000000000
00000000000000000000000000000000000111100000000000000001111111111111111111111111111111111111111111111110000000000000000000000001111000011111111111111111111111111111111000000000000110011000000000000000000000000000000000000000000000000000000000000000000000000000
00000000000000000000000000000000000000000000000000000001111111111111111111111111111111111111111111111110000000000000000000000000000111111111111111111111111111111111111111111110000000000000000110000000000000000000000000000000000000000000000000000000000000000000
00000000000000000000000000000000000000000000000000000001111111111111111111111111111111111111111111111110000000000000000000000000000111111111111111111111111111111111111111111110000000000000000110000000000000000000000000000000000000000000000000000000000000000000
00000000000000000000000000000000000000000000000000000001111111111111111111111111111111111111111111111110000000000000000000000000000111111111111111111111111111111111111111111110000000000000000111100000000000000000000000000000000000000000000000000000000000000000
00000000000000000000000000000000000000000000000000000001111111111111111111111111111111111111111111111110000000000000000000000000000111111111111111111111111111111111111111111110000000000000000111100000000000000000000000000000000000000000000000000000000000000000
00000001111111111000000000000110000000000000000111111111111111111111111111111111111111111111111111111110000111100000000000000000000111111111111111111111111111111111111111111110000111111110000000011000000000000000000000000000000000000000000000000000000000000000
00000001111111111000000000000110000000000000000111111111111111111111111111111111111111111111111111111110000111100000000000000000000111111111111111111111111111111111111111111110000111111110000000011000000000000000000000000000000000000000000000000000000000000000
00000001111111111110011111111110000000000000000111111111111111111111111111111111111111111111111111111110000111100000000000000000000111111111111111111111111111111111111111111110000111111110000000011000000000000000000000000000000000000000000000000000000000000000
00000001111111111110011111111110000000000000000111111111111111111111111111111111111111111111111111111110000111100000000000000000000111111111111111111111111111111111111111111110000111111110000000011000000000000000000000000000000000000000000000000000000000000000
00000111111111111110011111111111111111111111111111111111111111111111111111111111111111111111111111111110000000000000000000000001111111111111111111111111111111111111111111111111111111111111111000000000000000000000000000000000000000000000000000000000000000000000
00000111111111111110011111111111111111111111111111111111111111111111111111111111111111111111111111111110000000000000000000000001111111111111111111111111111111111111111111111111111111111111111000000000000000000000000000000000000000000000000000000000000000000000
00011111111111111110011111111111111111111111111111111111111111111111111111111111111111111111111111111110000000000000000000000001111111111111111111111111111111111111111111111111111111111111111000000000000000000000000000000000000000000000000000000000000000000000
00011111111111111110011111111111111111111111111111111111111111111111111111111111111111111111111111111110000000000000000000000001111111111111111111111111111111111111111111111111111111111111111000000000000000000000000000000000000000000000000000000000000000000000
01111111111111111000011111111111111111111111111111111111111111111111111111111111111111111111111111111111111000011111111111111111111111111111111111111111111111111111111111111111111111111110000000011000000000000000000000000000000000000000000000000000000000000000
01111111111111111000011111111111111111111111111111111111111111111111111111111111111111111111111111111111111000011111111111111111111111111111111111111111111111111111111111111111111111111110000000011000000000000000000000000000000000000000000000000000000000000000
01111111111111100000011111111111111111111111111111111111111111111111111111111111111111111111111111111111111000011111111111111111111111111111111111111111111111111111111111111111111111111110000000011000000000000000000000000000000000000000000000000000000000000000
01111111111111100000011111111111111111111111111111111111111111111111111111111111111111111111111111111111111000011111111111111111111111111111111111111111111111111111111111111111111111111110000000011000000000000000000000000000000000000000000000000000000000000000
01111111111111100000011111111111111111111111111111111111111111111111111111111111111111111111111111111111111111111111111111111111111111111111111111111111111111111111111111111111111111111110000111111110000000000000000000000000000000000000000000000000000000000000
01111111111111100000011111111111111111111111111111111111111111111111111111111111111111111111111111111111111111111111111111111111111111111111111111111111111111111111111111111111111111111110000111111110000000000000000000000000000000000000000000000000000000000000
01111111111110000000011111111111111111111111111111111111111111111111111111111111111111111111111111111111111111111111111111111111111111111111111111111111111111111111111111111111111111111110000110011110000000000000000000000000000000000000000000000000000000000000
01111111111110000000011111111111111111111111111111111111111111111111111111111111111111111111111111111111111111111111111111111111111111111111111111111111111111111111111111111111111111111110000110011110000000000000000000000000000000000000000000000000000000000000
01111111111000000000011111111111111111111111111111111111111111111111111111111111111111111111111111111111111111111111111111111111111111111111111111111111111111111111111111111111111111100000000111111110000000000000000000000000000000000000000000000000000000000000
01111111111000000000011111111111111111111111111111111111111111111111111111111111111111111111111111111111111111111111111111111111111111111111111111111111111111111111111111111111111111100000000111111110000000000000000000000000000000000000000000000000000000000000
00011110000000000000011111111111111111111111111111111111111111111111111111111111111111111111111111111111111111111111111111111111111111111111111111111111111111111111111111111111111111100000000110011000000000000000000000000000000000000000000000000000000000000000
00011110000000000000011111111111111111111111111111111111111111111111111111111111111111111111111111111111111111111111111111111111111111111111111111111111111111111111111111111111111111100000000110011000000000000000000000000000000000000000000000000000000000000000
00000000000000000000011111100000000000000000000111111111111111111111111111111111111111111111111111111111111111111111111111111111111111111111111111111111111111111111111111111110000111100001111111111000000000000000000000000000000000000000000000000000000000000000
00000000000000000000011111100000000000000000000111111111111111111111111111111111111111111111111111111111111111111111111111111111111111111111111111111111111111111111111111111110000111100001111111111000000000000000000000000000000000000000000000000000000000000000
00000000000000000000000111100000000000000000000111111111111111111111111111111111111111111111111111111111111110011111111111111111111111111111111111111111111111111111111111111110000111100001111111100000000000000000000000000000000000000000000000000000000000000000
00000000000000000000000111100000000000000000000111111111111111111111111111111111111111111111111111111111111110011111111111111111111111111111111111111111111111111111111111111110000111100001111111100000000000000000000000000000000000000000000000000000000000000000
00000000000000000000000001111111111000000001111111111111111111111111111111111111111111111111111111111111111111111111111111111111111111111111111111111111111111111111111111111110000000000001111110000000000000000000000000000000000000000000000000000000000000000000
00000000000000000000000001111111111000000001111111111111111111111111111111111111111111111111111111111111111111111111111111111111111111111111111111111111111111111111111111111110000000000001111110000000000000000000000000000000000000000000000000000000000000000000
00000000000000000000000001111111111000000001111111111111111111111111111111111111111111111111111111111111111111111111111111111111111111111111111111111111111111111111111111111110000000000001111000000000000000000000000000000000000000000000000000000000000000000000
00000000000000000000000001111111111000000001111111111111111111111111111111111111111111111111111111111111111111111111111111111111111111111111111111111111111111111111111111111110000000000001111000000000000000000000000000000000000000000000000000000000000000000000
00000000000000000000000001100001111000000001111111111111111111111111111111111111111111111111111111111111111111111111111111111111111111111111111111111111111111111111111111100000000000011111100000000000000000000000000000000000000000000000000000000000000000000000
00000000000000000000000001100001111000000001111111111111111111111111111111111111111111111111111111111111111111111111111111111111111111111111111111111111111111111111111111100000000000011111100000000000000000000000000000000000000000000000000000000000000000000000
00000000000000000000000001100001111000000001111111111111111111111111111111111111111111111111111111111111111111111111111111111111111111111111111111111111111111111111111111100000000000011110000000000000000000000000000000000000000000000000000000000000000000000000
00000000000000000000000001100001111000000001111111111111111111111111111111111111111111111111111111111111111111111111111111111111111111111111111111111111111111111111111111100000000000011110000000000000000000000000000000000000000000000000000000000000000000000000
00000000000000000000000001111111111000000001111111111111111111111111111111111111111111111111111111111111111111111111111111111111111111111111111111111111111111111111111111100000000111111001100000000000000000000000000000000000000000000000000000000000000000000000
00000000000000000000000001111111111000000001111111111111111111111111111111111111111111111111111111111111111111111111111111111111111111111111111111111111111111111111111111100000000111111001100000000000000000000000000000000000000000000000000000000000000000000000
00000000000000000000000001111111111000000001111111111111111111111111111111111111111111111111111111111111111111111111111111111111111111111111111111111111111111111111111111100000000111111111100000000000000000000000000000000000000000000000000000000000000000000000
00000000000000000000000001111111111000000001111111111111111111111111111111111111111111111111111111111111111111111111111111111111111111111111111111111111111111111111111111100000000111111111100000000000000000000000000000000000000000000000000000000000000000000000
00000000000000000000000000000001111111100001111001111111111111111111111111111111111111111111111111111111111111111111111111111111111111111111111111111111111111111111111111100000000111100001100000000000000000000000000000000000000000000000000000000000000000000000
00000000000000000000000000000001111111100001111001111111111111111111111111111111111111111111111111111111111111111111111111111111111111111111111111111111111111111111111111100000000111100001100000000000000000000000000000000000000000000000000000000000000000000000
00000000000000000000000111100001111111100001111111111111111111111111111111111111111111111111111111111111111111111111111111111111111111111111111111111111111111111111111111100000000111100001100000000000000000000000000000000000000000000000000000000000000000000000
00000000000000000000000111100001111111100001111111111111111111111111111111111111111111111111111111111111111111111111111111111111111111111111111111111111111111111111111111100000000111100001100000000000000000000000000000000000000000000000000000000000000000000000
00000000000000000000000111100001111000000001111111111111111111111111111111111111111111111111111111111111111111111111111111111111111111111111111111111111111111111111111111100000000111111111100000000000000000000000000000000000000000000000000000000000000000000000
00000000000000000000000111100001111000000001111111111111111111111111111111111111111111111111111111111111111111111111111111111111111111111111111111111111111111111111111111100000000111111111100000000000000000000000000000000000000000000000000000000000000000000000
00000000000000000000011111100001111000000001100111111111111111111111111111111111111111111111111111111111111111111111111111111111111111111111111111111111111111111111111111100000000111111111111110000000000000000000000000000000000000000000000000000000000000000000
00000000000000000000011111100001111000000001100111111111111111111111111111111111111111111111111111111111111111111111111111111111111111111111111111111111111111111111111111100000000111111111111110000000000000000000000000000000000000000000000000000000000000000000
00000000000000000000000111100001111111100001100111111111111111111111111111111111111111111111111111111111111111111111111111111111111111111111111111111111111111111110000000000001111111111111111111111000000000000000000000000000000000000000000000000000000000000000
00000000000000000000000111100001111111100001100111111111111111111111111111111111111111111111111111111111111111111111111111111111111111111111111111111111111111111110000000000001111111111111111111111000000000000000000000000000000000000000000000000000000000000000
00000000000000000000000001100001111111100001100111111111111111111111111111111111111111111111111111111111111111111111111111111111111111111111111111111111111111111110000000000001111111111111111111111110000000000000000000000000000000000000000000000000000000000000
00000000000000000000000001100001111111100001100111111111111111111111111111111111111111111111111111111111111111111111111111111111111111111111111111111111111111111110000000000001111111111111111111111110000000000000000000000000000000000000000000000000000000000000
00000000000000000000000001111111111000000001111111111111111111111111111111111111111111111111111111111111111111111111111111111111111111111111111111111111111111111111111000000000000000000000000000011111100000000000000000000000000000000000000000000000000000000000
00000000000000000000000001111111111000000001111111111111111111111111111111111111111111111111111111111111111111111111111111111111111111111111111111111111111111111111111000000000000000000000000000011111100000000000000000000000000000000000000000000000000000000000
00000000000000000000000111111111111000000001100111111111111111111111111111111111111111111111111111111111111111111111111111111111111111111111111111111111111111111111111000000000000000000000000000011111111000000000000000000000000000000000000000000000000000000000
00000000000000000000000111111111111000000001100111111111111111111111111111111111111111111111111111111111111111111111111111111111111111111111111111111111111111111111111000000000000000000000000000011111111000000000000000000000000000000000000000000000000000000000
00000000000000000000000111111110000000000001111111111111111111111111111111111111111111111111111111111111111111111111111111111111111111111111111111111111111111111111111111111111111111111111111000000001111111100000000000000000000000000000000000000000000000000000
00000000000000000000000111111110000000000001111111111111111111111111111111111111111111111111111111111111111111111111111111111111111111111111111111111111111111111111111111111111111111111111111000000001111111100000000000000000000000000000000000000000000000000000
00000000000000000000000000000000000000000001111111111111111111111111111111111111111111111111111111111111111111111111111111111111111111111111111111111111111111111111111111111111111111111111111000000001111111100000000000000000000000000000000000000000000000000000
00000000000000000000000000000000000000000001111111111111111111111111111111111111111111111111111111111111111111111111111111111111111111111111111111111111111111111111111111111111111111111111111000000001111111100000000000000000000000000000000000000000000000000000
00000000000000000000000000000001111000000001111111111111111111111111111111111111111111111111111111111111111111111111111111111111111111111111111111111111111111111111111111111111111111111111111111100000000111111111111110000000000000000000000000000000000000000000
00000000000000000000000000000001111000000001111111111111111111111111111111111111111111111111111111111111111111111111111111111111111111111111111111111111111111111111111111111111111111111111111111100000000111111111111110000000000000000000000000000000000000000000
00000000000000000000000000000111111000000001111111111111111111111111111111111111111111111111111111111111111111111111111111111111111111111111111111111111111111111111111111111111111111111111111111100000000111111111111110000000000000000000000000000000000000000000
00000000000000000000000000000111111000000001111111111111111111111111111111111111111111111111111111111111111111111111111111111111111111111111111111111111111111111111111111111111111111111111111111100000000111111111111110000000000000000000000000000000000000000000
00000000000000000000000000011111111000011111111111111111111111111111111111111111111111111111111111111111111111111111111111111110000111111111111111111111111111111111111111111111111111111111111111111111111111111111111110000000000000000000000000000000000000000000
00000000000000000000000000011111111000011111111111111111111111111111111111111111111111111111111111111111111111111111111111111110000111111111111111111111111111111111111111111111111111111111111111111111111111111111111110000000000000000000000000000000000000000000
00000000000000000000000000011111111000011111111111111111111111111111111111111111111111111111111111111111111111111111111111111110000111111111111111111111111111111111111111111111111111111111111111111111111111111111111110000000000000000000000000000000000000000000
00000000000000000000000000011111111000011111111111111111111111111111111111111111111111111111111111111111111111111111111111111110000111111111111111111111111111111111111111111111111111111111111111111111111111111111111110000000000000000000000000000000000000000000
00000000000000000000000000011110000000000001111111111111111111111111111111111111111111111111111111111111111111111111111111100000000000000001111111111111111111111111111111111111111111111111111111111111111111111111111110000000000000000000000000000000000000000000
00000000000000000000000000011110000000000001111111111111111111111111111111111111111111111111111111111111111111111111111111100000000000000001111111111111111111111111111111111111111111111111111111111111111111111111111110000000000000000000000000000000000000000000
00000000000000000000000000011110000000000001111111111111111111111111111111111111111111111111111111111111111111111111111111100000000000000001111111111111111111111111111111111111111111111111111111111111111111111111111110000000000000000000000000000000000000000000
00000000000000000000000000011110000000000001111111111111111111111111111111111111111111111111111111111111111111111111111111100000000000000001111111111111111111111111111111111111111111111111111111111111111111111111111110000000000000000000000000000000000000000000
00000000000000000000000000011111111000000001111111111111111111111111111111111110000000000000000001111111111111111111111000011111111111100001111111111111111111111111111111111111111111111111111111111111111111111111111110000000000000000000000000000000000000000000
00000000000000000000000000011111111000000001111111111111111111111111111111111110000000000000000001111111111111111111111000011111111111100001111111111111111111111111111111111111111111111111111111111111111111111111111110000000000000000000000000000000000000000000
00000000000000000000000000011111111000000001111111111111111111111111111111111110000000000000000111111111111111111111111000011111111111100001111111111111111111111111111111111111111111111111111111111111111111111111111000000000000000000000000000000000000000000000
00000000000000000000000000011111111000000001111111111111111111111111111111111110000000000000000111111111111111111111111000011111111111100001111111111111111111111111111111111111111111111111111111111111111111111111111000000000000000000000000000000000000000000000
00000000000000000000000000011110000000000000000111111110000111111111111111100000000000011110000000000000000000000000000111111000011111100000000111111111111111111111111111111111111111111111111111100000000000000000000000000000000000000000000000000000000000000000
00000000000000000000000000011110000000000000000111111110000111111111111111100000000000011110000000000000000000000000000111111000011111100000000111111111111111111111111111111111111111111111111111100000000000000000000000000000000000000000000000000000000000000000
00000000000000000000000000011110000000000000000111111110000111111111111111100000000000011110000000000000000000000000000111100000000111100000000111111111111111111111111111111111111111111111111111100000000000000000000000000000000000000000000000000000000000000000
00000000000000000000000000011110000000000000000111111110000111111111111111100000000000011110000000000000000000000000000111100000000111100000000111111111111111111111111111111111111111111111111111100000000000000000000000000000000000000000000000000000000000000000
00000000000000000000000000011111111111100000000000000000000000011110000000011111111111111111111111100111100000011111111110000000000111111111111000011111111111111111111111111111111111111111111000000001100000000000000000000000000000000000000000000000000000000000
00000000000000000000000000011111111111100000000000000000000000011110000000011111111111111111111111100111100000011111111110000000000111111111111000011111111111111111111111111111111111111111111000000001100000000000000000000000000000000000000000000000000000000000
00000000000000000000000000011111100000000000000000000000000000011110000000011111111111111111111111111111111111111111111000000000000001111111111000011111111111111111111111111111111111111111111000000001100000000000000000000000000000000000000000000000000000000000
00000000000000000000000000011111100000000000000000000000000000011110000000011111111111111111111111111111111111111111111000000000000001111111111000011111111111111111111111111111111111111111111000000001100000000000000000000000000000000000000000000000000000000000
00000000000000000000000000000000000000011110000111111110000000000001111111111111111111111110000001111111111111111111100000000000000000011001111000011111111111111111111111111111111111111111111000011111100000000000000000000000000000000000000000000000000000000000
00000000000000000000000000000000000000011110000111111110000000000001111111111111111111111110000001111111111111111111100000000000000000011001111000011111111111111111111111111111111111111111111000011111100000000000000000000000000000000000000000000000000000000000
00000000000000000000000000000000000000000110000111111110000000000001111111100000000000000000000000000000000000000000000000000000000000000001111000011111111111111111111111111111111111111111111000011110000000000000000000000000000000000000000000000000000000000000
00000000000000000000000000000000000000000110000111111110000000000001111111100000000000000000000000000000000000000000000000000000000000000001111000011111111111111111111111111111111111111111111000011110000000000000000000000000000000000000000000000000000000000000
00000000000000000000000000000000000000000000000000000000000111111110000110000000001100000000000000000000000000000000000000000000000000000000011000011111111111111111111111111111111111111110000000011000000001100000000000000000000000000000000000000000000000000000
00000000000000000000000000000000000000000000000000000000000111111110000110000000001100000000000000000000000000000000000000000000000000000000011000011111111111111111111111111111111111111110000000011000000001100000000000000000000000000000000000000000000000000000
00000000000000000000000000000000000000000000000000000000000111111110000000000000001100000000000000000000000000000000000000000000000001100001111000011111111111111111111111111111111111111110000000000000000000000000000000000000000000000000000000000000000000000000
00000000000000000000000000000000000000000000000000000000000111111110000000000000000000000000000000000000000000000000000000000000000001100001111000011111111111111111111111111111111111111110000000000000000000000000000000000000000000000000000000000000000000000000
00000000000000000000000000000000000000000001111111111111111111111111111000000000000000000000000000000000000000000000000000000000000000000001111000011111111111111111111111111111111000000001111111100000000000000000000000000000000000000000000000000000000000000000
00000000000000000000000000000000000000000001111111111111111111111111111000000000000000000000000000000000000000000000000000000000000000000001111000011111111111111111111111111111111000000001111111100000000000000000000000000000000000000000000000000000000000000000
00000000000000000000000001100000000000000000011111111111111111111111111000000000000000000000000000000000000000000000000000000000000000000001111000011111111111111111111111111111111000000001111110000000000000000000000000000000000000000000000000000000000000000000
00000000000000000000000001100000000000000000011111111111111111111111111000000000000000000000000000000000000000000000000000000000000000000001111000011111111111111111111111111111111000000001111110000000000000000000000000000000000000000000000000000000000000000000
00000000000000000000000001100110000000000000011111111000011111111111100000000000000000000000000000000000000000000000000000000000000000000000011000011111111111111111111111111110000000011111111000011000000000000000000000000000000000000000000000000000000000000000
00000000000000000000000001100110000000000000011111111000011111111111100000000000000000000000000000000000000000000000000000000000000000000000011000011111111111111111111111111110000000011111111000011000000000000000000000000000000000000000000000000000000000000000
00000000000000000000000001111000000000000111100000000000000000000000000000000000000000000000000000000000000000000000000000000000000000000000011000011111111111111111111111111110000000011111100000000000000000000000000000000000000000000000000000000000000000000000
00000000000000000000000001111000000000000111100000000000000000000000000000000000000000000000000000000000000000000000000000000000000000000000011000011111111111111111111111111110000000011111100000000000000000000000000000000000000000000000000000000000000000000000
00000000000000000000000000000000000000000000000000000000000000000000000000000000000000000000000000000000000000000000000000000000000000000000011000000001100111111111111111100000000001111000000000000000000000000000000000000000000000000000000000000000000000000000
00000000000000000000000000000000000000000000000000000000000000000000000000000000000000000000000000000000000000000000000000000000000000000000011000000001100111111111111111100000000001111000000000000000000000000000000000000000000000000000000000000000000000000000
00000000000000000000000000000000000000000000000000000000000000000000000000000000000000000000000000000000000000000000000000000000000000000000011000000000000111111111111111100000000110000000000000000000000000000000000000000000000000000000000000000000000000000000
00000000000000000000000000000000000000000000000000000000000000000000000000000000000000000000000000000000000000000000000000000000000000000000011000000000000111111111111111100000000110000000000000000000000000000000000000000000000000000000000000000000000000000000
00000000000000000000000000000000000000000000000000000000000000000000000000000000000000000000000000000000000000000000000000000000000000000000011110000000000000000000000000000001111110000000000000000000000000000000000000000000000000000000000000000000000000000000
00000000000000000000000000000000000000000000000000000000000000000000000000000000000000000000000000000000000000000000000000000000000000000000011110000000000000000000000000000001111110000000000000000000000000000000000000000000000000000000000000000000000000000000
00000000000000000000000000000000000000000000000000000000000000000000000000000000000000000000000000000000000000000000000000000000000000000000011001100000000000000000000000000001100000000000000000000000000000000000000000000000000000000000000000000000000000000000
00000000000000000000000000000000000000000000000000000000000000000000000000000000000000000000000000000000000000000000000000000000000000000000011001100000000000000000000000000001100000000000000000000000000000000000000000000000000000000000000000000000000000000000
00000000000000000000000000000000000000000000000000000000000000000000000000000000000000000000000000000000000000000000000000000000000000000000000111111111111000000001111111111110000000000000000000000000000000000000000000000000000000000000000000000000000000000000
00000000000000000000000000000000000000000000000000000000000000000000000000000000000000000000000000000000000000000000000000000000000000000000000111111111111000000001111111111110000000000000000000000000000000000000000000000000000000000000000000000000000000000000
00000000000000000000000000000000000000000000000000000000000000000000000000000000000000000000000000000000000000000000000000000000000000000110000001111111111000011111111111111000000000000000000000000000000000000000000000000000000000000000000000000000000000000000
00000000000000000000000000000000000000000000000000000000000000000000000000000000000000000000000000000000000000000000000000000000000000000110000001111111111000011111111111111000000000000000000000000000000000000000000000000000000000000000000000000000000000000000
00000000000000000000000000000000000000000000000000000000000000000000000000000000000000000000000000000000000000000000000000000000000000000001100000011111111111111110011000000000011000000000000000000000000000000000000000000000000000000000000000000000000000000000
00000000000000000000000000000000000000000000000000000000000000000000000000000000000000000000000000000000000000000000000000000000000000000001100000011111111111111110011000000000011000000000000000000000000000000000000000000000000000000000000000000000000000000000
00000000000000000000000000000000000000000000000000000000000000000000000000000000000000000000000000000000000000000000000000000000000000000000000000000001100000000000000000000000000000000000000000000000000000000000000000000000000000000000000000000000000000000000
00000000000000000000000000000000000000000000000000000000000000000000000000000000000000000000000000000000000000000000000000000000000000000000000000000001100000000000000000000000000000000000000000000000000000000000000000000000000000000000000000000000000000000000
00000000000000000000000000000000000000000000000000000000000000000000000000000000000000000000000000000000000000000000000000000000000000000000000110000000000000000000000000000000000000000000000000000000000000000000000000000000000000000000000000000000000000000000
00000000000000000000000000000000000000000000000000000000000000000000000000000000000000000000000000000000000000000000000000000000000000000000000110000000000000000000000000000000000000000000000000000000000000000000000000000000000000000000000000000000000000000000
00000000000000000000000000000000000000000000000000000000000000000000000000000000000000000000000000000000000000000000000000000000000000000000000111100000000000000000000000000000000000000000000000000000000000000000000000000000000000000000000000000000000000000000
00000000000000000000000000000000000000000000000000000000000000000000000000000000000000000000000000000000000000000000000000000000000000000000000111100000000000000000000000000000000000000000000000000000000000000000000000000000000000000000000000000000000000000000
00000000000000000000000000000000000000000000000000000000000000000000000000000000000000000000000000000000000000000000000000000000000000000000000110000000000000000000000000000000000000000000000000000000000000000000000000000000000000000000000000000000000000000000
00000000000000000000000000000000000000000000000000000000000000000000000000000000000000000000000000000000000000000000000000000000000000000000000110000000000000000000000000000000000000000000000000000000000000000000000000000000000000000000000000000000000000000000
00000000000000000000000000000000000000000000000000000000000000000000000000000000000000000000000000000000000000000000000000000000000000000000000000000000000000000000000000000000000000000000000000000000000000000000000000000000000000000000000000000000000000000000
00000000000000000000000000000000000000000000000000000000000000000000000000000000000000000000000000000000000000000000000000000000000000000000000000000000000000000000000000000000000000000000000000000000000000000000000000000000000000000000000000000000000000000000
00000000000000000000000000000000000000000000000000000000000000000000000000000000000000000000000000000000000000000000000000000000000000000000000000000000000000000000000000000000000000000000000000000000000000000000000000000000000000000000000000000000000000000000
00000000000000000000000000000000000000000000000000000000000000000000000000000000000000000000000000000000000000000000000000000000000000000000000000000000000000000000000000000000000000000000000000000000000000000000000000000000000000000000000000000000000000000000
