-64
239
-107
105
0000000000000000000000000000000000000000000000000000000000000000000000000000000000000000000000000000000000000000000000000000000000000000000000000000000000000000000000000000000000000000000000000000000000000000000000000000000000000000000000000000000000000000000000000000000000000000000000000000000000000000
0000000000000000000000000000000000000000000000000000000000000000000000000000000000000000000000000000000000000000000000000000000000000000000000000000000000000000000000000000000000000000000000000000000000000000000000000000000000000000000000000000000000000000000000000000000000000000000000000000000000000000
0000000000000000000000000000000000000000000000000000000000000000000000000000000000000000000000000000000000000000000000000000000000000000000000000000000000000000000000000000000000000000000000000000000000000000000000000000000000000000000000000000000000000000000000000000000000000000000000000000000000000000
0000000000000000000000000000000000000000000000000000000000000000000000000000000000000000000000000000000000000000000000000000000000000000000000000000000000000000000000000000000000000000000000000000000000000000000000000000000000000000000000000000000000000000000000000000000000000000000000000000000000000000
0000000000000000000000000000000000000000000000000000000000000000000000000000000000000000000000000000000000000000000000000000000000000000000000000000000000000000000000000000000000000000000000000000000000000000000000000000000000000000000000000000000000000000000000000000000000000000000000000000000000000000
0000000000000000000000000000000000000000000000000000000000000000000000000000000000000000000000000000000000000000000000000000000000000000000000000000000000000000000000000000000000000000000000000000000000000000000000000000000000000000000000000000000000000000000000000000000000000000000000000000000000000000
0000000000000000000000000000000000000000000000000000000000000000000000000000000000000000000000000000000000000000000000000000000000000000000000000000000000000000000000000000000000000000000000000000000000000000000000000000000000000000000000000000000000000000000000000000000000000000000000000000000000000000
0000000000000000000000000000000000000000000000000000000000000000000000000000000000000000000000000000000000000000000000000000000000000000000000000000000000000000000000000000000000000000000000000000000000000000000000000000000000000000000000000000000000000000000000000000000000000000000000000000000000000000
0000000000000000000000000000000000000000000000000000000000000000000000000000000000000000000000000000000000000000000000000000000000000000000000000000000000000000000000111111000011110000000000000000000000000000000000000000000000000000000000000000000000000000000000000000000000000000000000000000000000000000
0000000000000000000000000000000000000000000000000000000000000000000000000000000000000000000000000000000000000000000000000000000000000000000000000000000000000000000000111111000011110000000000000000000000000000000000000000000000000000000000000000000000000000000000000000000000000000000000000000000000000000
0000000000000000000000000000000000000000000000000000000000000000000000000000000000000000000000000000000000000000000000000000000000000000000000000000000000111111110011111111111111110000000000000011110000000000000000000000000000000000000000000000000000000000000000000000000000000000000000000000000000000000
0000000000000000000000000000000000000000000000000000000000000000000000000000000000000000000000000000000000000000000000000000000000000000000000000000000000111111110011111111111111110000000000000011110000000000000000000000000000000000000000000000000000000000000000000000000000000000000000000000000000000000
0000000000000000000000000000000000000000000000000000000000000000000000000000000000000000000000000000000000000000000000000000000000000000000000000000000011111111111111111111111111111100111111000011110000000000000000000000000000000000000000000000000000000000000000000000000000000000000000000000000000000000
0000000000000000000000000000000000000000000000000000000000000000000000000000000000000000000000000000000000000000000000000000000000000000000000000000000011111111111111111111111111111100111111000011110000000000000000000000000000000000000000000000000000000000000000000000000000000000000000000000000000000000
0000000000000000000000000000000000000000000000000000000000000000000000000000000000000000000000000000000000000000000000000000000000000000000000001111000000001111111111111111111111111111111111000011110000111100000000111111110000000000000000000000000000000000000000000000000000000000000000000000000000000000
0000000000000000000000000000000000000000000000000000000000000000000000000000000000000000000000000000000000000000000000000000000000000000000000001111000000001111111111111111111111111111111111000011110000111100000000111111110000000000000000000000000000000000000000000000000000000000000000000000000000000000
0000000000000000000000000000000000000000000000000000000000000000000000000000000000000000000000000000000000000000000000000000000000111100000000111111000000001111111111111111111111111111111111000000000000111100001111111111110000000000000000000000000000000000000000000000000000000000000000000000000000000000
0000000000000000000000000000000000000000000000000000000000000000000000000000000000000000000000000000000000000000000000000000000000111100000000111111000000001111111111111111111111111111111111000000000000111100001111111111110000000000000000000000000000000000000000000000000000000000000000000000000000000000
0000000000000000000000000000000000000000000000000000000000000000000000000000000000000000000000000000000000000000000000000000000000111100001111110000000011111111111111111111111111111111111111000000000000000000111111111111110000000000000000000000000000000000000000000000000000000000000000000000000000000000
0000000000000000000000000000000000000000000000000000000000000000000000000000000000000000000000000000000000000000000000000000000000111100001111110000000011111111111111111111111111111111111111000000000000000000111111111111110000000000000000000000000000000000000000000000000000000000000000000000000000000000
0000000000000000000000000000000000000000000000000000000000000000000000000000000000000000000000000000000000000000000000000000000000000000111111110000000011111111111111111111111111111111111111110011111100000000111111111111110000000000000000000000000000000000000000000000000000000000000000000000000000000000
0000000000000000000000000000000000000000000000000000000000000000000000000000000000000000000000000000000000000000000000000000000000000000111111110000000011111111111111111111111111111111111111110011111100000000111111111111110000000000000000000000000000000000000000000000000000000000000000000000000000000000
0000000000000000000000000000000000000000000000000000000000000000000000000000000000000000000000000000000000000000000000000000000000000000000011111111000000000000111111111111111111111111111111111111111100000000000011111111110000000000000000000000000000000000000000000000000000000000000000000000000000000000
0000000000000000000000000000000000000000000000000000000000000000000000000000000000000000000000000000000000000000000000000000000000000000000011111111000000000000111111111111111111111111111111111111111100000000000011111111110000000000000000000000000000000000000000000000000000000000000000000000000000000000
0000000000000000000000000000000000000000000000000000000000000000000000000000000000000000000000000000000000000000000000000000111111110000000011111111000000000000111111111111111111111111111111111111111100000000000011111111110000000000000000000000000000000000000000000000000000000000000000000000000000000000
0000000000000000000000000000000000000000000000000000000000000000000000000000000000000000000000000000000000000000000000000000111111110000000011111111000000000000111111111111111111111111111111111111111100000000000011111111110000000000000000000000000000000000000000000000000000000000000000000000000000000000
0000000000000000000000000000000000000000000000000000000000000000000000000000000000000000000000000000000000000000000011110000000000000000000000000000111100001111000011111111111111111111111111110000000000001111000011111111111111000000000000000000000000000000000000000000000000000000000000000000000000000000
0000000000000000000000000000000000000000000000000000000000000000000000000000000000000000000000000000000000000000000011110000000000000000000000000000111100001111000011111111111111111111111111110000000000001111000011111111111111000000000000000000000000000000000000000000000000000000000000000000000000000000
0000000000000000000000000000000000000000000000000000000000000000000000000000000000000000000000000000000000000000000011110000000000000000000000000000111100001111000011111111111111111111111111110000000000001111000011111111111111000000000000000000000000000000000000000000000000000000000000000000000000000000
0000000000000000000000000000000000000000000000000000000000000000000000000000000000000000000000000000000000000000000011110000000000000000000000000000111100001111000011111111111111111111111111110000000000001111000011111111111111000000000000000000000000000000000000000000000000000000000000000000000000000000
0000000000000000000000000000000000000000000000000000000000000000000000000000000000000000000000000000000000001111000000000000000000001111000000000000000000000000111100000000111111111111000000001111000000000000111100000000111111000000000000000000000000000000000000000000000000000000000000000000000000000000
0000000000000000000000000000000000000000000000000000000000000000000000000000000000000000000000000000000000001111000000000000000000001111000000000000000000000000111100000000111111111111000000001111000000000000111100000000111111000000000000000000000000000000000000000000000000000000000000000000000000000000
0000000000000000000000000000000000000000000000000000000000000000000000000000000000000000000000000000000000111111000000000000000000001111000000000000000000000000111100000000111111111111000000001111000000000000111100000000111111110000000011110000000000000000000000000000000000000000000000000000000000000000
0000000000000000000000000000000000000000000000000000000000000000000000000000000000000000000000000000000000111111000000000000000000001111000000000000000000000000111100000000111111111111000000001111000000000000111100000000111111110000000011110000000000000000000000000000000000000000000000000000000000000000
0000000000000000000000000000000000000000000000000000000000000000000000000000000000000000000000000000000000000000000000000000000000000000111111111111111100000000000011110000000000001111000000000000000000000000111100001111000011110000000011111100000000000000000000000000000000000000000000000000000000000000
0000000000000000000000000000000000000000000000000000000000000000000000000000000000000000000000000000000000000000000000000000000000000000111111111111111100000000000011110000000000001111000000000000000000000000111100001111000011110000000011111100000000000000000000000000000000000000000000000000000000000000
0000000000000000000000000000000000000000000000000000000000000000000000000000000000000000000000000000000000000000000000000000000000000000111111111111111100000000000011110000000000001111000000000000000000000000111100001111000011110000001111111100000000000000000000000000000000000000000000000000000000000000
0000000000000000000000000000000000000000000000000000000000000000000000000000000000000000000000000000000000000000000000000000000000000000111111111111111100000000000011110000000000001111000000000000000000000000111100001111000011110000001111111100000000000000000000000000000000000000000000000000000000000000
0000000000000000000000000000000000000000000000000000000000000000000000000000000000000000000000000000000000000000000000000000000000001111111111111111111100000000000011110000000000001111000000000000000000000000111111111111111100001100000000001111111100000000000000000000000000000000000000000000000000000000
0000000000000000000000000000000000000000000000000000000000000000000000000000000000000000000000000000000000000000000000000000000000001111111111111111111100000000000011110000000000001111000000000000000000000000111111111111111100001100000000001111111100000000000000000000000000000000000000000000000000000000
0000000000000000000000000000000000000000000000000000000000000000000000000000000000000000000000000000000000000000000000000000000000001111111111111111111100000000000011110000000000001111000000000000000000000000111111111111111100001100000000001111111111000000000000000000000000000000000000000000000000000000
0000000000000000000000000000000000000000000000000000000000000000000000000000000000000000000000000000000000000000000000000000000000001111111111111111111100000000000011110000000000001111000000000000000000000000111111111111111100001100000000001111111111000000000000000000000000000000000000000000000000000000
0000000000000000000000000000000000000000000000000000000000000000000000000000000000000000000000000000000000000000000000000000111111111111111111111111111111110000000000001111111100000000000011111111111100000000000000000000000011110000111100001111111111000000000000000000000000000000000000000000000000000000
0000000000000000000000000000000000000000000000000000000000000000000000000000000000000000000000000000000000000000000000000000111111111111111111111111111111110000000000001111111100000000000011111111111100000000000000000000000011110000111100001111111111000000000000000000000000000000000000000000000000000000
0000000000000000000000000000000000000000000000000000000000000000000000000000000000000000000000000000000000000000000000000000111111111111111111111111111111110000000000001111111100000000000011111111111100000000000000000000000011110000111100001111111111000000000000000000000000000000000000000000000000000000
0000000000000000000000000000000000000000000000000000000000000000000000000000000000000000000000000000000000000000000000000000111111111111111111111111111111110000000000001111111100000000000011111111111100000000000000000000000011110000111100001111111111000000000000000000000000000000000000000000000000000000
0000000000000000000000000000000000000000000000000000000000000000000000000000000000110000000000000000000000000000111111111111111111111111111111111111000011111111000000000000000011111111111111111111111111110000000000000000000000001111000011111111111100000000000000000000000000000000000000000000000000000000
0000000000000000000000000000000000000000000000000000000000000000000000000000000000110000000000000000000000000000111111111111111111111111111111111111000011111111000000000000000011111111111111111111111111110000000000000000000000001111000011111111111100000000000000000000000000000000000000000000000000000000
0000000000000000000000000000000000000000000000000000000000000000000000000000000011110000000000000000000000000000111111111111111111111111111111111111000011111111000000000000000011111111111111111111111111110000000000000000000000001111000011111111111100000000000000000000000000000000000000000000000000000000
0000000000000000000000000000000000000000000000000000000000000000000000000000000011110000000000000000000000000000111111111111111111111111111111111111000011111111000000000000000011111111111111111111111111110000000000000000000000001111000011111111111100000000000000000000000000000000000000000000000000000000
0000000000000000000000000000000000000000000000000000000000000000000000000000000000000000000000000000000000001111111111111111111111111111111111111111111111111111000000001111111111111111111111111111111111111111111100000000000011111111111111111111111111001111110000111100000000000000000000000000000000000000
0000000000000000000000000000000000000000000000000000000000000000000000000000000000000000000000000000000000001111111111111111111111111111111111111111111111111111000000001111111111111111111111111111111111111111111100000000000011111111111111111111111111001111110000111100000000000000000000000000000000000000
0000000000000000000000000000000000000000000000000000000000000000000000000000000000000000000000000000000000001111111111111111111111111111111111111111111111111111000000001111111111111111111111111111111111111111111100000000000011111111111111111111111111111111110000111111110000000000000000000000000000000000
0000000000000000000000000000000000000000000000000000000000000000000000000000000000000000000000000000000000001111111111111111111111111111111111111111111111111111000000001111111111111111111111111111111111111111111100000000000011111111111111111111111111111111110000111111110000000000000000000000000000000000
0000000000000000000000000000000000000000000000000000000000000000000011000000000000000000000000001111111111111111111111111111111111111111111111111111111111111111000011111111111111111111111111111111111111111111111111111111111111111111111111111111111111111111111100111111110011110000000000000000000000000000
0000000000000000000000000000000000000000000000000000000000000000000011000000000000000000000000001111111111111111111111111111111111111111111111111111111111111111000011111111111111111111111111111111111111111111111111111111111111111111111111111111111111111111111100111111110011110000000000000000000000000000
0000000000000000000000000000000000000000000000000000000000000000001100000000000000000000000000001111111111111111111111111111111111111111111111111111111111111111000011111111111111111111111111111111111111111111111111111111111111111111111111111111111111111111111100111111110011110000000000000000000000000000
0000000000000000000000000000000000000000000000000000000000000000001100000000000000000000000000001111111111111111111111111111111111111111111111111111111111111111000011111111111111111111111111111111111111111111111111111111111111111111111111111111111111111111111100111111110011110000000000000000000000000000
0000000000000000000000000000000000000000000000000000001111000011111100000000000000000000000000001111111111111111111111111111111111111111111111111111111111111111111111111111111111111111111111111111111111111111111111111111111111111111111111111111111111111111111100000000000000000000000000000000000000000000
0000000000000000000000000000000000000000000000000000001111000011111100000000000000000000000000001111111111111111111111111111111111111111111111111111111111111111111111111111111111111111111111111111111111111111111111111111111111111111111111111111111111111111111100000000000000000000000000000000000000000000
0000000000000000000000000000000000000000000000000000111111111111110000000000000000000000000000001111111111111111111111111111111111111111111111111111111111111111111111111111111111111111111111111111111111111111111111111111111111111111111111111111111111111111110000111100000000000000000000000000000000000000
0000000000000000000000000000000000000000000000000000111111111111110000000000000000000000000000001111111111111111111111111111111111111111111111111111111111111111111111111111111111111111111111111111111111111111111111111111111111111111111111111111111111111111110000111100000000000000000000000000000000000000
0000000000000000000000000000000000000000000000000000111111111111000000000000000011110000111111111111111111111111111111111111111111111111111111111111111111111111111100001111111100000000111111111111111111111111111111111111111111111111111111111111111111111100000000111100000000000000000000000000000000000000
0000000000000000000000000000000000000000000000000000111111111111000000000000000011110000111111111111111111111111111111111111111111111111111111111111111111111111111100001111111100000000111111111111111111111111111111111111111111111111111111111111111111111100000000111100000000000000000000000000000000000000
0000000000000000000000000000000000000000000000000000111111110000000000000000000011110000111111111111111111111111111111111111111111111111111111111111111111111111111100001111111100000000111111111111111111111111111111111111111111111111111111111111111111000000000000000000000000000000000000000000000000000000
0000000000000000000000000000000000000000000000000000111111110000000000000000000011110000111111111111111111111111111111111111111111111111111111111111111111111111111100001111111100000000111111111111111111111111111111111111111111111111111111111111111111000000000000000000000000000000000000000000000000000000
0000000000000000000000000000000000000000000000000000001100000000001100000000000000001111111111111111111111111111111111111111111111111111111111111111111111111111111111111111000000001111111111111111111111111111111111111111111100000000000011111111111111000000000000000000000000000000000000000000000000000000
0000000000000000000000000000000000000000000000000000001100000000001100000000000000001111111111111111111111111111111111111111111111111111111111111111111111111111111111111111000000001111111111111111111111111111111111111111111100000000000011111111111111000000000000000000000000000000000000000000000000000000
0000000000000000000000000000000000000000000000000000000000000011111100000000000000001111111111111111111111111111111111111111111111111111111111111111111111111111111111111111000000001111111111111111111111111111111111111111111100000000000011111111110000000000000000000000000000000000000000000000000000000000
0000000000000000000000000000000000000000000000000000000000000011111100000000000000001111111111111111111111111111111111111111111111111111111111111111111111111111111111111111000000001111111111111111111111111111111111111111111100000000000011111111110000000000000000000000000000000000000000000000000000000000
0000000000000000000000000000000000000000000000000000000000001111111100000000000000001111111111111111111111111111111111111111111100001111111111111111111111111111111111111111000000001111111111111111111111111111111100001111000011110000000000001111111111000000000000000000000000000000000000000000000000000000
0000000000000000000000000000000000000000000000000000000000001111111100000000000000001111111111111111111111111111111111111111111100001111111111111111111111111111111111111111000000001111111111111111111111111111111100001111000011110000000000001111111111000000000000000000000000000000000000000000000000000000
0000000000000000000000000000000000000000000000000011111100001111111100000000000000001111111111111111111111111111111111111111111100001111111111111111111111111111111111111111000000001111111111111111111111111111111100001111000011110000000000001111111111000000000000000000000000000000000000000000000000000000
0000000000000000000000000000000000000000000000000011111100001111111100000000000000001111111111111111111111111111111111111111111100001111111111111111111111111111111111111111000000001111111111111111111111111111111100001111000011110000000000001111111111000000000000000000000000000000000000000000000000000000
0000000000000000000000000000000000000000000000001111111111111111111100000000000011111111111111111111111111111111111111111111111111111111111111110000111111111111111111111111000000000000000000001111111111110000000000001111000000000000000000001111111100000000000000000000000000000000000000000000000000000000
0000000000000000000000000000000000000000000000001111111111111111111100000000000011111111111111111111111111111111111111111111111111111111111111110000111111111111111111111111000000000000000000001111111111110000000000001111000000000000000000001111111100000000000000000000000000000000000000000000000000000000
0000000000000000000000000000000000000000000000001111111111111111111100000000000011111111111111111111111111111111111111111111111111111111111111110000111111111111111111111111000000000000000000001111111111110000000000001111000000000000000000001111111100000000000000000000000000000000000000000000000000000000
0000000000000000000000000000000000000000000000001111111111111111111100000000000011111111111111111111111111111111111111111111111111111111111111110000111111111111111111111111000000000000000000001111111111110000000000001111000000000000000000001111111100000000000000000000000000000000000000000000000000000000
0000000000000000000000000000000000000000000000110000000011111111000000001111000011111111111111111111111111111111111111111111111111111111111111111111111111111111111111111111000000000000000000001111000011111111111100000000000000000000000011001111111100000000000000000000000000000000000000000000000000000000
0000000000000000000000000000000000000000000000110000000011111111000000001111000011111111111111111111111111111111111111111111111111111111111111111111111111111111111111111111000000000000000000001111000011111111111100000000000000000000000011001111111100000000000000000000000000000000000000000000000000000000
0000000000000000000000000000000000000000000011110000000011111111000000001111000011111111111111111111111111111111111111111111111111111111111111111111111111111111111111111111000000000000000000001111000011111111111100000000000000000000000000001111111100000000000000000000000000000000000000000000000000000000
0000000000000000000000000000000000000000000011110000000011111111000000001111000011111111111111111111111111111111111111111111111111111111111111111111111111111111111111111111000000000000000000001111000011111111111100000000000000000000000000001111111100000000000000000000000000000000000000000000000000000000
0000000000000000000000000000000000000000001100000000111100000000000011111111111111111111111111110000000011111111111111111111111111111111111111111111111111111111111111111111000000001111111111110000000000000000000011111111111111111111111111111111000000000000000000000000000000000000000000000000000000000000
0000000000000000000000000000000000000000001100000000111100000000000011111111111111111111111111110000000011111111111111111111111111111111111111111111111111111111111111111111000000001111111111110000000000000000000011111111111111111111111111111111000000000000000000000000000000000000000000000000000000000000
0000000000000000000000000000000000000000111100000000111100000000000011111111111111111111111111110000000011111111111111111111111111111111111111111111111111111111111111111111000000001111111111110000000000000000000011111111111111111111111111111111000000000000000000000000000000000000000000000000000000000000
0000000000000000000000000000000000000000111100000000111100000000000011111111111111111111111111110000000011111111111111111111111111111111111111111111111111111111111111111111000000001111111111110000000000000000000011111111111111111111111111111111000000000000000000000000000000000000000000000000000000000000
0000000000000000000000000000000000000000111100001111111100000000000011111111111111111111111111110000000011111111111111111111111111111111111111111111111111111111111111111111111100000000111100000000111111111111111111111111111111110000001111110000000000000000000000000000000000000000000000000000000000000000
0000000000000000000000000000000000000000111100001111111100000000000011111111111111111111111111110000000011111111111111111111111111111111111111111111111111111111111111111111111100000000111100000000111111111111111111111111111111110000001111110000000000000000000000000000000000000000000000000000000000000000
0000000000000000000000000000000000000000111100001111111100000000000011111111111111111111111111110000000011111111111111111111111111111111111111111111111111111111111111111111111100000000111100000000111111111111111111111111111100000000000000000000000000000000000000000000000000000000000000000000000000000000
0000000000000000000000000000000000000000111100001111111100000000000011111111111111111111111111110000000011111111111111111111111111111111111111111111111111111111111111111111111100000000111100000000111111111111111111111111111100000000000000000000000000000000000000000000000000000000000000000000000000000000
0000000000000000000000000000000000000000111111111111000000000000111111111111111111111111111111111111111111111111111111111111111111111111111111111111111111111111111111111111111111110000000000000000000000001111111111111111110000000000000000000000000000000000000000000000000000000000000000000000000000000000
0000000000000000000000000000000000000000111111111111000000000000111111111111111111111111111111111111111111111111111111111111111111111111111111111111111111111111111111111111111111110000000000000000000000001111111111111111110000000000000000000000000000000000000000000000000000000000000000000000000000000000
0000000000000000000000000000000000000000111111111111000000000000111111111111111111111111111111111111111111111111111111111111111111111111111111111111111111111111111111111111111111110000000000000000000000001111111111111111000000000000000000000000000000000000000000000000000000000000000000000000000000000000
0000000000000000000000000000000000000000111111111111000000000000111111111111111111111111111111111111111111111111111111111111111111111111111111111111111111111111111111111111111111110000000000000000000000001111111111111111000000000000000000000000000000000000000000000000000000000000000000000000000000000000
0000000000000000000000000000000000110000111111110000000000001111111111111111111111111111111111111111111111111111111111111111000011111111111111111111111111111111111111111111111111111111000000001111000000001111111111001111110000000000000000000000000000000000000000000000000000000000000000000000000000000000
0000000000000000000000000000000000110000111111110000000000001111111111111111111111111111111111111111111111111111111111111111000011111111111111111111111111111111111111111111111111111111000000001111000000001111111111001111110000000000000000000000000000000000000000000000000000000000000000000000000000000000
0000000000000000000000000000000011110000111111110000000000001111111111111111111111111111111111111111111111111111111111111111000011111111111111111111111111111111111111111111111111111111000000001111000000001111111111001111110000000000000000000000000000000000000000000000000000000000000000000000000000000000
0000000000000000000000000000000011110000111111110000000000001111111111111111111111111111111111111111111111111111111111111111000011111111111111111111111111111111111111111111111111111111000000001111000000001111111111001111110000000000000000000000000000000000000000000000000000000000000000000000000000000000
0000000000000000000000000000000000000000111111111111000011111111111111111111111111111111111111111111111111111111111111111111111111111111111111111111111111111111111111110000111111111111000000000000000000001111111111111111110000000000000000000000000000000000000000000000000000000000000000000000000000000000
0000000000000000000000000000000000000000111111111111000011111111111111111111111111111111111111111111111111111111111111111111111111111111111111111111111111111111111111110000111111111111000000000000000000001111111111111111110000000000000000000000000000000000000000000000000000000000000000000000000000000000
0000000000000000000000000000001100000000111111111111000011111111111111111111111111111111111111111111111111111111111111111111111111111111111111111111111111111111111111110000111111111111000000000000000000001111111111111111000000000000000000000000000000000000000000000000000000000000000000000000000000000000
0000000000000000000000000000001100000000111111111111000011111111111111111111111111111111111111111111111111111111111111111111111111111111111111111111111111111111111111110000111111111111000000000000000000001111111111111111000000000000000000000000000000000000000000000000000000000000000000000000000000000000
0000000000000000000000000000000000000000000000000000111111111111111111111111111111111111111111111111111111111111111111111111111111111111111111111111111111111111111111111111111111111111000000001111111111111111111111110000000000000000000000000000000000000000000000000000000000000000000000000000000000000000
0000000000000000000000000000000000000000000000000000111111111111111111111111111111111111111111111111111111111111111111111111111111111111111111111111111111111111111111111111111111111111000000001111111111111111111111110000000000000000000000000000000000000000000000000000000000000000000000000000000000000000
0000000000000000000011000011000000000000000000000000111111111111111111111111111111111111111111111111111111111111111111111111111111111111111111111111111111111111111111111111111111111111000000001111111111111111111111110000000000000000000000000000000000000000000000000000000000000000000000000000000000000000
0000000000000000000011000011000000000000000000000000111111111111111111111111111111111111111111111111111111111111111111111111111111111111111111111111111111111111111111111111111111111111000000001111111111111111111111110000000000000000000000000000000000000000000000000000000000000000000000000000000000000000
0000000000000000000000000011000000000000000011111111111111111111111111110000111111111111111111111111111111111111111111111111111111111111111111111111111111111111111111111111111111111111111100001111000011111111111111110000000000000000000000000000000000000000000000000000000000000000000000000000000000000000
0000000000000000000000000011000000000000000011111111111111111111111111110000111111111111111111111111111111111111111111111111111111111111111111111111111111111111111111111111111111111111111100001111000011111111111111110000000000000000000000000000000000000000000000000000000000000000000000000000000000000000
0000000000000000000000001111000000000000000011111111111111111111111111110000111111111111111111111111111111111111111111111111111111111111111111111111111111111111111111111111111111111111111100001111000011111111111111000000000000000000000000000000000000000000000000000000000000000000000000000000000000000000
0000000000000000000000001111000000000000000011111111111111111111111111110000111111111111111111111111111111111111111111111111111111111111111111111111111111111111111111111111111111111111111100001111000011111111111111000000000000000000000000000000000000000000000000000000000000000000000000000000000000000000
0000000000000000000000001111000000000000000011111111111111111111111111111111111111111111111111111111111111111111111111111111111111111111111111111111111111111111111111111111111111111111111100000000000011111111111100000000000000000000000000000000000000000000000000000000000000000000000000000000000000000000
0000000000000000000000001111000000000000000011111111111111111111111111111111111111111111111111111111111111111111111111111111111111111111111111111111111111111111111111111111111111111111111100000000000011111111111100000000000000000000000000000000000000000000000000000000000000000000000000000000000000000000
0000000000000000000000001111000000000000000011111111111111111111111111111111111111111111111111111111111111111111111111111111111111111111111111111111111111111111111111111111111111111111111100000000000011111111111111000000000000000000000000000000000000000000000000000000000000000000000000000000000000000000
0000000000000000000000001111000000000000000011111111111111111111111111111111111111111111111111111111111111111111111111111111111111111111111111111111111111111111111111111111111111111111111100000000000011111111111111000000000000000000000000000000000000000000000000000000000000000000000000000000000000000000
0000000000000000000000000000000000000000000011111111111111111111111111111111111111111111111111111111111111111111111111111111111111111111111111111111111111111111111111111111111111111111000000000000111111111111111111000000000000000000000000000000000000000000000000000000000000000000000000000000000000000000
0000000000000000000000000000000000000000000011111111111111111111111111111111111111111111111111111111111111111111111111111111111111111111111111111111111111111111111111111111111111111111000000000000111111111111111111000000000000000000000000000000000000000000000000000000000000000000000000000000000000000000
0000000000000000000000000000000000000000000011111111111111111111111111111111111111111111111111111111111111111111111111111111111111111111111111111111111111111111111111111111111111111111000000000000111111111111111111110000000000000000000000000000000000000000000000000000000000000000000000000000000000000000
0000000000000000000000000000000000000000000011111111111111111111111111111111111111111111111111111111111111111111111111111111111111111111111111111111111111111111111111111111111111111111000000000000111111111111111111110000000000000000000000000000000000000000000000000000000000000000000000000000000000000000
0000000000000000000000000000000000000000111111111111111111111111111111111111111111111111111111111111111111111111111111111111111111111111111111111111111111111111111111111111111111110000111111110000111111111111111111110000000000000000000000000000000000000000000000000000000000000000000000000000000000000000
0000000000000000000000000000000000000000111111111111111111111111111111111111111111111111111111111111111111111111111111111111111111111111111111111111111111111111111111111111111111110000111111110000111111111111111111110000000000000000000000000000000000000000000000000000000000000000000000000000000000000000
0000000000000000000000000000000000000000111111111111111111111111111111111111111111111111111111111111111111111111111111111111111111111111111111111111111111111111111111111111111111110000111111110000111111111111111111000000000000000000000000000000000000000000000000000000000000000000000000000000000000000000
0000000000000000000000000000000000000000111111111111111111111111111111111111111111111111111111111111111111111111111111111111111111111111111111111111111111111111111111111111111111110000111111110000111111111111111111000000000000000000000000000000000000000000000000000000000000000000000000000000000000000000
0000000000000000001100000000000000000000111111111111111111111111111111111111111111111111111111111111111111111111111111111111111111111111111111111111111111111111111111111111111111110000111100001111111111110000111111000000000000000000000000000000000000000000000000000000000000000000000000000000000000000000
0000000000000000001100000000000000000000111111111111111111111111111111111111111111111111111111111111111111111111111111111111111111111111111111111111111111111111111111111111111111110000111100001111111111110000111111000000000000000000000000000000000000000000000000000000000000000000000000000000000000000000
0000000000000000000000000000000000000000111111111111111111111111111111111111111111111111111111111111111111111111111111111111111111111111111111111111111111111111111111111111111111110000111100001111111111110011111111000000000000000000000000000000000000000000000000000000000000000000000000000000000000000000
0000000000000000000000000000000000000000111111111111111111111111111111111111111111111111111111111111111111111111111111111111111111111111111111111111111111111111111111111111111111110000111100001111111111110011111111000000000000000000000000000000000000000000000000000000000000000000000000000000000000000000
0000000000000000000000000000111100000000111111111111111111111111111111111111111111111111111111111111111111111111111111111111111111111111111111111111111111111111111111111111111100001111111111111111111111110011111100000000000000000000000000000000000000000000000000000000000000000000000000000000000000000000
0000000000000000000000000000111100000000111111111111111111111111111111111111111111111111111111111111111111111111111111111111111111111111111111111111111111111111111111111111111100001111111111111111111111110011111100000000000000000000000000000000000000000000000000000000000000000000000000000000000000000000
0000000000000000001100000000111100000000111111111111111111111111111111111111111111111111111111111111111111111111111111111111111111111111111111111111111111111111111111111111111100001111111111111111111111111111111100000000000000000000000000000000000000000000000000000000000000000000000000000000000000000000
0000000000000000001100000000111100000000111111111111111111111111111111111111111111111111111111111111111111111111111111111111111111111111111111111111111111111111111111111111111100001111111111111111111111111111111100000000000000000000000000000000000000000000000000000000000000000000000000000000000000000000
0000000000000000000000000000111100000000111111111111111111111111111111111111111111111111111111111111111111111111111111111111111111111111111111111111111111111111111111111111111100000000111111111111111111111111110000000000000000000000000000000000000000000000000000000000000000000000000000000000000000000000
0000000000000000000000000000111100000000111111111111111111111111111111111111111111111111111111111111111111111111111111111111111111111111111111111111111111111111111111111111111100000000111111111111111111111111110000000000000000000000000000000000000000000000000000000000000000000000000000000000000000000000
0000000000000000000000000000111100000000111111111111111111111111111111111111111111111111111111111111111111111111111111111111111111111111111111111111111111111111111111111111111100000000111111111111111111111111110011111100000000000000000000000000000000000000000000000000000000000000000000000000000000000000
0000000000000000000000000000111100000000111111111111111111111111111111111111111111111111111111111111111111111111111111111111111111111111111111111111111111111111111111111111111100000000111111111111111111111111110011111100000000000000000000000000000000000000000000000000000000000000000000000000000000000000
0000000000000011000011110000000000001111111111111111111111111111111100000000111111111111111111111111111111111111111111111111111111111111111111111111111111111111111111111111000011110000000000000000111100001111111111111111000000000000000000000000000000000000000000000000000000000000000000000000000000000000
0000000000000011000011110000000000001111111111111111111111111111111100000000111111111111111111111111111111111111111111111111111111111111111111111111111111111111111111111111000011110000000000000000111100001111111111111111000000000000000000000000000000000000000000000000000000000000000000000000000000000000
0000000000000011000011110000000000001111111111111111111111111111111100000000111111111111111111111111111111111111111111111111111111111111111111111111111111111111111111111111000011110000000000000000111100001111111111111111000000000000000000000000000000000000000000000000000000000000000000000000000000000000
0000000000000011000011110000000000001111111111111111111111111111111100000000111111111111111111111111111111111111111111111111111111111111111111111111111111111111111111111111000011110000000000000000111100001111111111111111000000000000000000000000000000000000000000000000000000000000000000000000000000000000
0000000000001111000000000000000011110000111111111111111111111111111100000000111111111111111111111111111111111111111111111111111111111111111111111111111111111111111111111111000000000000111100001111111111111111111100001111000000000000000000000000000000000000000000000000000000000000000000000000000000000000
0000000000001111000000000000000011110000111111111111111111111111111100000000111111111111111111111111111111111111111111111111111111111111111111111111111111111111111111111111000000000000111100001111111111111111111100001111000000000000000000000000000000000000000000000000000000000000000000000000000000000000
0000000000111111000000000000000011110000111111111111111111111111111100000000111111111111111111111111111111111111111111111111111111111111111111111111111111111111111111111111000000000000111100001111111111111111111100001111111100000000000000000000000000000000000000000000000000000000000000000000000000000000
0000000000111111000000000000000011110000111111111111111111111111111100000000111111111111111111111111111111111111111111111111111111111111111111111111111111111111111111111111000000000000111100001111111111111111111100001111111100000000000000000000000000000000000000000000000000000000000000000000000000000000
0000000000111111000000000000000011110000111111111111111111111111111111111111111111111111111111111111111111111111111111111111111111111111111111111111111111111111111111110000000000000000111100000000000000000000111111111111111111000000000000000000000000000000000000000000000000000000000000000000000000000000
0000000000111111000000000000000011110000111111111111111111111111111111111111111111111111111111111111111111111111111111111111111111111111111111111111111111111111111111110000000000000000111100000000000000000000111111111111111111000000000000000000000000000000000000000000000000000000000000000000000000000000
0000000000111111000000000000000011110000111111111111111111111111111111111111111111111111111111111111111111111111111111111111111111111111111111111111111111111111111111110000000000000000111100000000000000000000111111111111111111000000000000000000000000000000000000000000000000000000000000000000000000000000
0000000000111111000000000000000011110000111111111111111111111111111111111111111111111111111111111111111111111111111111111111111111111111111111111111111111111111111111110000000000000000111100000000000000000000111111111111111111000000000000000000000000000000000000000000000000000000000000000000000000000000
0000000000001111000000000000000000001111111111111111111111111111111111111111111111111111111111111111111111111111111111111111111111111111111111111111111111111111111100000000000000000000111111111111000000000000111111111111111100000000000000000000000000000000000000000000000000000000000000000000000000000000
0000000000001111000000000000000000001111111111111111111111111111111111111111111111111111111111111111111111111111111111111111111111111111111111111111111111111111111100000000000000000000111111111111000000000000111111111111111100000000000000000000000000000000000000000000000000000000000000000000000000000000
0000000000001111000000000000000000001111111111111111111111111111111111111111111111111111111111111111111111111111111111111111111111111111111111111111111111111111111100000000000000000000111111111111000000000000111111111111111100000000000000000000000000000000000000000000000000000000000000000000000000000000
0000000000001111000000000000000000001111111111111111111111111111111111111111111111111111111111111111111111111111111111111111111111111111111111111111111111111111111100000000000000000000111111111111000000000000111111111111111100000000000000000000000000000000000000000000000000000000000000000000000000000000
0000000000001111111100000000000000001111111111111111111111111111111111111111111111111111111111111111111111111111111111111111111111111111111100001111111111111111111111110000111111111111111111111111111100000000000011111111111100000000000000000000000000000000000000000000000000000000000000000000000000000000
0000000000001111111100000000000000001111111111111111111111111111111111111111111111111111111111111111111111111111111111111111111111111111111100001111111111111111111111110000111111111111111111111111111100000000000011111111111100000000000000000000000000000000000000000000000000000000000000000000000000000000
0000000000001111111100000000000000001111111111111111111111111111111111111111111111111111111111111111111111111111111111111111111111111111111100001111111111111111111111110000111111111111111111111111111100000000000011111111111100000000000000000000000000000000000000000000000000000000000000000000000000000000
0000000000001111111100000000000000001111111111111111111111111111111111111111111111111111111111111111111111111111111111111111111111111111111100001111111111111111111111110000111111111111111111111111111100000000000011111111111100000000000000000000000000000000000000000000000000000000000000000000000000000000
0000000000111111111100000000000000001111111111111111111111111111111111111111111111111111111100001111111111111111111111111111111111111111111111111111111111111111111111111111111111111111111111111111111111111111000011111111111100000000000000000000000000000000000000000000000000000000000000000000000000000000
0000000000111111111100000000000000001111111111111111111111111111111111111111111111111111111100001111111111111111111111111111111111111111111111111111111111111111111111111111111111111111111111111111111111111111000011111111111100000000000000000000000000000000000000000000000000000000000000000000000000000000
0000000000111111111100000000000000001111111111111111111111111111111111111111111111111111111100001111111111111111111111111111111111111111111111111111111111111111111111111111111111111111111111111111111111111111000011111111111100000000000000000000000000000000000000000000000000000000000000000000000000000000
0000000000111111111100000000000000001111111111111111111111111111111111111111111111111111111100001111111111111111111111111111111111111111111111111111111111111111111111111111111111111111111111111111111111111111000011111111111100000000000000000000000000000000000000000000000000000000000000000000000000000000
0000000000001111111100000000000000001111111111111111111111111111111111111111111111110000000000001111111111111111111111111111111111111111111111111111111111111111111111111111111111111111111111111111111111110000111111111111111100000000000000000000000000000000000000000000000000000000000000000000000000000000
0000000000001111111100000000000000001111111111111111111111111111111111111111111111110000000000001111111111111111111111111111111111111111111111111111111111111111111111111111111111111111111111111111111111110000111111111111111100000000000000000000000000000000000000000000000000000000000000000000000000000000
0000000000000000111100000000000000001111111111111111111111111111111111111111111111110000000000001111111111111111111111111111111111111111111111111111111111111111111111111111111111111111111111111111111111110000111111111111110000000000000000000000000000000000000000000000000000000000000000000000000000000000
0000000000000000111100000000000000001111111111111111111111111111111111111111111111110000000000001111111111111111111111111111111111111111111111111111111111111111111111111111111111111111111111111111111111110000111111111111110000000000000000000000000000000000000000000000000000000000000000000000000000000000
0000000000000000001100000000000000001111111111111111111111111111111111110000111100000000000000000000000000001111111111111111111111111111111111111111111111111111111111111111111111111111111111111111111100000000000011111111111100000000000000000000000000000000000000000000000000000000000000000000000000000000
0000000000000000001100000000000000001111111111111111111111111111111111110000111100000000000000000000000000001111111111111111111111111111111111111111111111111111111111111111111111111111111111111111111100000000000011111111111100000000000000000000000000000000000000000000000000000000000000000000000000000000
0000000000000000001100000000000000001111111111111111111111111111111111110000111100000000000000000000000000001111111111111111111111111111111111111111111111111111111111111111111111111111111111111111111100000000000011111111111100000000000000000000000000000000000000000000000000000000000000000000000000000000
0000000000000000001100000000000000001111111111111111111111111111111111110000111100000000000000000000000000001111111111111111111111111111111111111111111111111111111111111111111111111111111111111111111100000000000011111111111100000000000000000000000000000000000000000000000000000000000000000000000000000000
0000000000000000001100000000000000000000000000001111111111111111000000000000000000000000000000000000000000001111111111111111111111111111111111111111111111111111111111111111111111111111111111111111111100001111111111111111111100000000000000000000000000000000000000000000000000000000000000000000000000000000
0000000000000000001100000000000000000000000000001111111111111111000000000000000000000000000000000000000000001111111111111111111111111111111111111111111111111111111111111111111111111111111111111111111100001111111111111111111100000000000000000000000000000000000000000000000000000000000000000000000000000000
0000000000000000111100000000000000000000000000001111111111111111000000000000000000000000000000000000000000001111111111111111111111111111111111111111111111111111111111111111111111111111111111111111111100001111111111111111110000000000000000000000000000000000000000000000000000000000000000000000000000000000
0000000000000000111100000000000000000000000000001111111111111111000000000000000000000000000000000000000000001111111111111111111111111111111111111111111111111111111111111111111111111111111111111111111100001111111111111111110000000000000000000000000000000000000000000000000000000000000000000000000000000000
0000000000000011111100000000000000000000000000000000111100000000000000000000000011111111111100000000000000000000111111111111000000000000111100001111111111111111111111111111111111111111111111111111000000000000111111111111110000000000000000000000000000000000000000000000000000000000000000000000000000000000
0000000000000011111100000000000000000000000000000000111100000000000000000000000011111111111100000000000000000000111111111111000000000000111100001111111111111111111111111111111111111111111111111111000000000000111111111111110000000000000000000000000000000000000000000000000000000000000000000000000000000000
0000000000001111111100000000000000000000000000000000111100000000000000000000000011111111111100000000000000000000111111111111000000000000111100001111111111111111111111111111111111111111111111111111000000000000111111111111110000000000000000000000000000000000000000000000000000000000000000000000000000000000
0000000000001111111100000000000000000000000000000000111100000000000000000000000011111111111100000000000000000000111111111111000000000000111100001111111111111111111111111111111111111111111111111111000000000000111111111111110000000000000000000000000000000000000000000000000000000000000000000000000000000000
0000000000001111111111110000000000000000000000001111111100000000000000000000111111111111111111111111000000000000111111110000000000000000000000000000000000001111111111111111111111111111111111111111000011111111111111111111110000000000000000000000000000000000000000000000000000000000000000000000000000000000
0000000000001111111111110000000000000000000000001111111100000000000000000000111111111111111111111111000000000000111111110000000000000000000000000000000000001111111111111111111111111111111111111111000011111111111111111111110000000000000000000000000000000000000000000000000000000000000000000000000000000000
0000000000000000111111110000000000000000000000001111111100000000000000000000111111111111111111111111000000000000111111110000000000000000000000000000000000001111111111111111111111111111111111111111000011111111111111111111110000000000000000000000000000000000000000000000000000000000000000000000000000000000
0000000000000000111111110000000000000000000000001111111100000000000000000000111111111111111111111111000000000000111111110000000000000000000000000000000000001111111111111111111111111111111111111111000011111111111111111111110000000000000000000000000000000000000000000000000000000000000000000000000000000000
0000000000000000001111110000000000000000000011111111111100000000000000000000111111111111111111111111111100000000000000000000000000001111111111111111111100001111111111111111111111111111111100001111111100001111111111111111110000000000000000000000000000000000000000000000000000000000000000000000000000000000
0000000000000000001111110000000000000000000011111111111100000000000000000000111111111111111111111111111100000000000000000000000000001111111111111111111100001111111111111111111111111111111100001111111100001111111111111111110000000000000000000000000000000000000000000000000000000000000000000000000000000000
0000000000000000001111110000000000000000000011111111111100000000000000000000111111111111111111111111111100000000000000000000000000001111111111111111111100001111111111111111111111111111111100001111111100001111111111111100000000000000000000000000000000000000000000000000000000000000000000000000000000000000
0000000000000000001111110000000000000000000011111111111100000000000000000000111111111111111111111111111100000000000000000000000000001111111111111111111100001111111111111111111111111111111100001111111100001111111111111100000000000000000000000000000000000000000000000000000000000000000000000000000000000000
0000000000000000001111110000000000001111000011111111111100000000000011111111111111111111110000000000111100000000000000000000000011111111111111110000111100000000111111111111111111111111111111111111000000001111111111000000000000000000000000000000000000000000000000000000000000000000000000000000000000000000
0000000000000000001111110000000000001111000011111111111100000000000011111111111111111111110000000000111100000000000000000000000011111111111111110000111100000000111111111111111111111111111111111111000000001111111111000000000000000000000000000000000000000000000000000000000000000000000000000000000000000000
0000000000000000001111110000000000001111000011111111111100000000000011111111111111111100000000000000111100000000000000000000000011111111111111110000111100000000111111111111111111111111111111111111000000001111111100000000000000000000000000000000000000000000000000000000000000000000000000000000000000000000
0000000000000000001111110000000000001111000011111111111100000000000011111111111111111100000000000000111100000000000000000000000011111111111111110000111100000000111111111111111111111111111111111111000000001111111100000000000000000000000000000000000000000000000000000000000000000000000000000000000000000000
0000000000000000000000111111111100000000111111111111111100000000000011111111111111000000001111000000000000000000000000000000111111111111111111110011111100000000111111111111111111110000000000000000000011111111111100000000000000000000000000000000000000000000000000000000000000000000000000000000000000000000
0000000000000000000000111111111100000000111111111111111100000000000011111111111111000000001111000000000000000000000000000000111111111111111111110011111100000000111111111111111111110000000000000000000011111111111100000000000000000000000000000000000000000000000000000000000000000000000000000000000000000000
0000000000000000000000111111111100000000111111111111111100000000000011111111111100000011111111000000000000000000000000000000111111111111000011110011111100000000111111111111111111110000000000000000000011111111111100000000000000000000000000000000000000000000000000000000000000000000000000000000000000000000
0000000000000000000000111111111100000000111111111111111100000000000011111111111100000011111111000000000000000000000000000000111111111111000011110011111100000000111111111111111111110000000000000000000011111111111100000000000000000000000000000000000000000000000000000000000000000000000000000000000000000000
0000000000000000000000111111111111111111111111111111111111111111111111111111110000111111111111000000111100001111111100001111111111111100000000000000000000001111111111110000000000000000000000000000111111111111111100000000000000000000000000000000000000000000000000000000000000000000000000000000000000000000
0000000000000000000000111111111111111111111111111111111111111111111111111111110000111111111111000000111100001111111100001111111111111100000000000000000000001111111111110000000000000000000000000000111111111111111100000000000000000000000000000000000000000000000000000000000000000000000000000000000000000000
0000000000000000000000111111111111111111111111111111111111111111111111111111000000111100000000000000111100001111111100001111111111111100000000000000000000001111111111110000000000000000000000000000111111111111111100000000000000000000000000000000000000000000000000000000000000000000000000000000000000000000
0000000000000000000000111111111111111111111111111111111111111111111111111111000000111100000000000000111100001111111100001111111111111100000000000000000000001111111111110000000000000000000000000000111111111111111100000000000000000000000000000000000000000000000000000000000000000000000000000000000000000000
0000000000000000000000001111111111111111111111111111111111111111111111000000000000000000000011110000000000110000111111111111111111110000000000001111111100000000111100000000000000000000000000001111111111111111110000000000000000000000000000000000000000000000000000000000000000000000000000000000000000000000
0000000000000000000000001111111111111111111111111111111111111111111111000000000000000000000011110000000000110000111111111111111111110000000000001111111100000000111100000000000000000000000000001111111111111111110000000000000000000000000000000000000000000000000000000000000000000000000000000000000000000000
0000000000000000000000001111110000001111111111111111111111111111111100000000000000000000000011110000000011110000111111111111111111000000000000001111111100000000111100000000000000000000000000001111111111111111110000000000000000000000000000000000000000000000000000000000000000000000000000000000000000000000
0000000000000000000000001111110000001111111111111111111111111111111100000000000000000000000011110000000011110000111111111111111111000000000000001111111100000000111100000000000000000000000000001111111111111111110000000000000000000000000000000000000000000000000000000000000000000000000000000000000000000000
0000000000000000000000000000000000000000000011111111111111111111110000000000000000000000000000000000000011111111111111110000000011000000000000001111111100000000000000000000000000000000111111111111111100000000000000000000000000000000000000000000000000000000000000000000000000000000000000000000000000000000
0000000000000000000000000000000000000000000011111111111111111111110000000000000000000000000000000000000011111111111111110000000011000000000000001111111100000000000000000000000000000000111111111111111100000000000000000000000000000000000000000000000000000000000000000000000000000000000000000000000000000000
0000000000000000000000000000000000000000000011111111111111111111110000000000000000000000000000000000000011111111111111000000000000000000000000000011111100000000000000000000000000000000111111111100000000000000000000000000000000000000000000000000000000000000000000000000000000000000000000000000000000000000
0000000000000000000000000000000000000000000011111111111111111111110000000000000000000000000000000000000011111111111111000000000000000000000000000011111100000000000000000000000000000000111111111100000000000000000000000000000000000000000000000000000000000000000000000000000000000000000000000000000000000000
0000000000000000000000000000000000000000000000001111111111111111000000000000000000000000000000000000000011111111110000000000000000000000000000000000000000000000000000001111111111111111111111111100000000000000000000000000000000000000000000000000000000000000000000000000000000000000000000000000000000000000
0000000000000000000000000000000000000000000000001111111111111111000000000000000000000000000000000000000011111111110000000000000000000000000000000000000000000000000000001111111111111111111111111100000000000000000000000000000000000000000000000000000000000000000000000000000000000000000000000000000000000000
0000000000000000000000000000000000000000000000001111111111111100000000000000000000000000000000000000000000000000000000000000000000000000000000000000000000000000000000001111111111111111111111110000000000000000000000000000000000000000000000000000000000000000000000000000000000000000000000000000000000000000
0000000000000000000000000000000000000000000000001111111111111100000000000000000000000000000000000000000000000000000000000000000000000000000000000000000000000000000000001111111111111111111111110000000000000000000000000000000000000000000000000000000000000000000000000000000000000000000000000000000000000000
0000000000000000000000000000000000000000000000000011111111111100000000000000000000000000000000000000000000000000000000000000000000000000000000000000000011111111111111111111111111111111111111110000000000000000000000000000000000000000000000000000000000000000000000000000000000000000000000000000000000000000
0000000000000000000000000000000000000000000000000011111111111100000000000000000000000000000000000000000000000000000000000000000000000000000000000000000011111111111111111111111111111111111111110000000000000000000000000000000000000000000000000000000000000000000000000000000000000000000000000000000000000000
0000000000000000000000000000000000000000000000000011111111111100000000000000000000000000000000000000000000000000000000000000000000000000000000000000000011110011111111111111111111111111111111110000000000000000000000000000000000000000000000000000000000000000000000000000000000000000000000000000000000000000
0000000000000000000000000000000000000000000000000011111111111100000000000000000000000000000000000000000000000000000000000000000000000000000000000000000011110011111111111111111111111111111111110000000000000000000000000000000000000000000000000000000000000000000000000000000000000000000000000000000000000000
0000000000000000000000000000000000000000000000000011111111111100000000000000000000000000000000000000000000000000000000000000000000000000000000000000000011111111111111111111111111111111111111000000000000000000000000000000000000000000000000000000000000000000000000000000000000000000000000000000000000000000
0000000000000000000000000000000000000000000000000011111111111100000000000000000000000000000000000000000000000000000000000000000000000000000000000000000011111111111111111111111111111111111111000000000000000000000000000000000000000000000000000000000000000000000000000000000000000000000000000000000000000000
0000000000000000000000000000000000000000000000000011111111111100000000000000000000000000000000000000000000000000000000000000000000000000000000000000000011111111110011111111111111111100000000000000000000000000000000000000000000000000000000000000000000000000000000000000000000000000000000000000000000000000
