-36
130
-105
74
00000000000000000000000000000000000000000000000000000000000000000000000000000000000000000000000000000000000000000000000000000000000000000000000000000000000000000000000
00000000000000000000000000000000000000000000000000000000000000000000000000000000000000000000000000000000000011000000000000000000000000000000000000000000000000000000000
00000000000000000000000000000000000000000000000000000000000000000000000000000000000000000000000000110000000110000000000000000000000000000000000000000000000000000000000
00000000000000000000000000000000000000000000000000000000000000000000000000000000000000000000000011110000001110000000000000000000000000000000000000000000000000000000000
00000000000000000000000000000000000000000000000000000000000000000000000000000000000000000000000111110000001110000000000000000000000000000000000000000000000000000000000
00000000000000000000000000000000000000000000000000000000000000000000000000000000000000000000001111111000001111100000000000000000000000000000000000000000000000000000000
00000000000000000000000000000000000000000000000000000000000000000000000000000000000000000000111111111101111111110000000000000000000000000000000000000000000000000000000
00000000000000000000000000000000000000000000000000000000000000000000000000000000000000001111111111111111111111110000000000000000000000000000000000000000000000000000000
00000000000000000000000000000000000000000000000000000000000000000000000000000000000000011111111111111111111111111000000000000000000000000000000000000000000000000000000
00000000000000000000000000000000000000000000000000000000000000000000000000000000000000111111111111111111111111111100000000000000000000000000000000000000000000000000000
00000000000000000000000000000000000000000000000000000000000000000000000000000000000001111111111111111111111111111111111101111111000000000000000000000000000000000000000
00000000000000000000000000000000000000000000000000000000000000000000000000000000000011111111111111111111111111111111111111111111111111100000000000000000000000000000000
00000000000000000000000000000000000000000000000000000000000000000000000000000000000111111111111111111111111111111111111111111111111111100000000000000000000000000000000
00000000000000000000000000000000000000000000000000000000000000000000000000000000001111111111111111111111111111111111111111111111111111100000000000000000000000000000000
00000000000000000000000000000000000000000000000000000000000000000000000000000000011111111111111111111111111111111111111111111111111111100000000000000000000000000000000
00000000000000000000000000000000000000000000000000000000000000000000000000000000111111111111111111111111111111111111111111111111111111100000000000000000000000000000000
00000000000000000000000000000000000000000000000000000000000000000000000000000011111111111111111111111111111111111111111111111111111111100001100000000000000000000000000
00000000000000000000000000000000000000000000000000000000000000000000000000000111111111111111111111111111111111111111111111111111111111100001100000000000000000000000000
00000000000000000000000000000000000000000000000000000000000000000000000000000111111111111111111111111111111111111111111111111111111111111111100000000000000000000000000
00000000000000000000000000000000000000000000000000000000000000000000000000000011111111111111111111111111111111111111111111111111111111111111100000000000000000000000000
00000000000000000000000000000000000000000000000000000000000000000000000000000001111111111111111111111111111111111111111111111111111111111111111111111111111110000000000
00000000000000000000000000000000000000000000000000000000000000000000000000000001111111111111111111111111111111111111111111111111111111111111111111111111111110000000000
00000000000000000000000000000000000000000000000000000000000000000000000000000001111111111111111111111111111111111111111111111111111111111111111111111111111110000000000
00000000000000000000000000000000000000000000001111111111000000000000000000000001111111111111111111111111111111111111111111111111111111111111111111111111111110000000000
00000000000000000000000000000000000000000001111111111111100000000000000000000001111111111111111111111111111111111111111111111111111111111111111111111111111110000000000
00000000000000000000000000000000000000000011111111111111100000000000000000000001111111111111111111111111111111111111111111111111111111111111111111111111111110000000000
00000000000000000000000000000000000000001111111111111111100000000000000000000001111111111111111111111111111111111111111111111111111111111111111111111111111111100000000
00000000000000000000000000000000000011111111111111111111100000000000000000000011111111111111111111111111111111111111111111111111111111111111111111111111111111100000000
00000000000000000000000000000000000111111111111111111111100000000000000000000011111111111111111111111111111111111111111111111111111111111111111111111111111111100000000
00000000000000000000000000000000001111111111111111111111100000000000000000000111111111111111111111111111111111111111111111111111111111111111111111111111111111100000000
00000000000000000000000000000000011111111111111111111111100000000000000000011111111111111111111111111111111111111111111111111111111111111111111111111111111111111000000
00000000000000000000000000000000111111111111111111111111100000000000000011111111111111111111111111111111111111111111111111111111111111111111111111111111111111111000000
00000000000000000000000000000001111111111111111111111111100000000000001111111111111111111111111111111111111111111111111111111111111111111111111111111111111111111000000
00000000000000000000000000000011111111111111111111111111100000000000001111111111111111111111111111111111111111111111111111111111111111111111111111111111111111111000000
00000000000000000000000000001111111111111111111111111111111100000000011111111111111111111111111111111111111111111111111111111111111111111111111111111111111111111111110
00000000000000000000000000011111111111111111111111111111111111111001111111111111111111111111111111111111111111111111111111111111111111111111111111111111111111111111110
00000000000000000000000000111111111111111111111111111111111111111111111111111111111111111111111111111111111111111111111111111111111111111111111111111111111111111111110
00000000000000000000000001111111111111111111111111111111111111111111111111111111111111111111111111111111111111111111111111111111111111111111111111111111111111111111100
00000000000000000000000011111111111111111111111111111111111111111111111111111111111111111111111111111111111111111111111111111111111111111111111111111111111111111111100
00000000000000000000000111111111111111111111111111111111111111111111111111111111111001111111111111111111111111111111111111111111111111111111111111111111111111111111000
00000000000000000000001111111111111111111111111111111111111111111111111111111111000001111111111111111111111111111111111111111111111111111111111111111111111111111110000
00000000000000000000111111111111111111111111111111111111111111111111111111111100000001111111111111111111111111111111111111111111111111111111111111111111111111111100000
00000000000000000000111111111111111111111111111111111111111111111111111111111000000001111111111111111111111111111111111111111111111111111111111111111111111111111100000
00000000000000000011111111111111111111111111111111111111111111111111111111000000000001111111111111111111111111111111111111111111111111111111111111111111111111111000000
00000000000000000111111111111111111111111111111111111111111111111100000000000000000001111111111111111111111111111111111111111111111111111111111111111111111111110000000
00000000000000001111111111111111111111111111111111111111111111111000000000000000000011111111111111111111111111111111111111111111111111111111111111111111111111110000000
00000000000000011111111111111111111111111111111111111111111111111000000000000000000011111111111111111111111111111111111111111111111111111111111111111111111111110000000
00000000000001111111111111111111111111111111111111111111111111111000000000000000000011111111111111111111111111111111111111111111111111111111111111111111111111110000000
00000000000011111111111111111111111111111111111111111111111111111000000000000000000011111111111111111111111111111111111111111111111111111111111111111111111111111000000
00000000000011111111111111111111111111111111111111111111111111111000000000000000000011111111111111111111111111111111111111111111111111111111111111111111111111111000000
00000000000011111111111111111111111111111111111111111111111111111000000000000000000011111111111111111111111111111111111111111111111111111111111111111111111111111000000
00000000001111111111111111111111111111111111111111111111111111111000000000000000000011111111111111111111111111111111111111111111111111111111111111111111111111110000000
00000000011111111111111111111111111111111111111111111111111111111000000000000000000011111111111111111111111111111111111111111111111111111111111111111111111111100000000
00000000111111111111111111111111111111111111111111111111111111111000000000000000000011111111111111111111111111111111111111111111111111111111111111111111111111000000000
00000000111111111111111111111111100001111111111111111111111111111000000000000000000011111111111111111111111111111111111111111111111111111111111111111111111111000000000
00000011111111111111111111111111000001111111111111111111111111111000000000000000000011111111111111111111111111111111111111111111111111111111111111111111111111000000000
00000111111111111111111111111110000001111111111111111111111111111000000000000000000011111111111111111111111111111111111111111111111111111111111111111111111110000000000
00001111111111111111111111111100000001111111111111111111111111111000000000000000000111111111111111111111111111111111111111111111111111111111111111111111111110000000000
00001111111111111111111111111100000001111111111111111111111111100000000000000000000111111111111111111111111111111111111111111111111111111111111111111111111110000000000
00011111111111111111111111111000000001111111111111111111111111100000000000000000001111111111111111111111111111111111111111111111111111111111111111111111111110000000000
00111111111111111111111111000000000001111111111111111111111111100000000000000000001111111111111111111111111111111111111111111111111111111111111111111111111110000000000
00111111111111111111111110000000000001111111111111111111111111100000000000000000011111111111111111111111111111111111111111111111111111111111111111111111111110000000000
00111111111111111111111110000000000001111111111111111111111110000000000000000000111111111111111111111111111111111111111111111111111111111111111111111111111100000000000
00011111111111111111111110000000000000011111111111111111111110000000000000000000111111111111111111111111111111111111111111111111111111111111111111111111111000000000000
00011111111111111111111100000000000000001111111111111111111110000000000000000001111111111111111111111111111111111111111111111111111111111111111111111111111000000000000
00011111111111111111111100000000000000001111111111111111111110000000000000000001111111111111111111111111111111111111111111111111111111111111111111111111110000000000000
00011111111111111111111100000000000000001111111111111111111100000000000000000001111111111111111111111111111111111111111111111111111111111111111111111111110000000000000
00011111111111111111111100000000000000011111111111111111111000000000000000000001111111111111111111111111111111111111111111111111111111111111111111111111100000000000000
00111111111111111111111110000000000000111111111111111111100000000000000000000001111111111111111111111111111111111111111111111111111111111111111111111111000000000000000
11111111111111111111111111110000000000111111111111111110000000000000000000000001111111111111111111111111111111111111111111111111111111111111111111111000000000000000000
01111111111111111111111111111111111111111111111111111100000000000000000000000111111111111111111111111111111111111111111111111111111111111111111111110000000000000000000
01111111111111111111111111111111111111111111111111111000000000000000000000000111111100011111111111111111111111111000111111111111111111111111111111100000000000000000000
00111111111111111111111111111111111111111111111111111000110000000000000000000001111000011111111111111111111100000000000111111111111111111111111111000000000000000000000
00111111111111111111111111111111111111111111111111111111110000000000000000000000100000001111111111111111111100000000000111111111111111111111111110000000000000000000000
00111111111111111111111111111111111111111111111111111111100000000000000000000000000000001111111111111111111100000000000000011111111111111111111110000000000000000000000
00011111111111111111111111111111111111111111111111111111100000000000000000000000000000011111111111111111110000000000000000011111111111111111111100000000000000000000000
00011111111111111111111111111111111111111111111111111111100000000000000000000000000000111111111111111111100000000000000000011111111111111111111000000000000000000000000
00011111111111111111111111111111111111111111111111111111110000000000000000000000000001111111111111111111000000000000000000111111111111111111110000000000000000000000000
00011111111111111111111111111111111111111111111111111111111110000000100000000000000011111111111111111110000000000000000000111111111111111111100000000000000000000000000
00011111111111111111111111111111111111111111111111111111111110000001100000000000000111111111111111111100000000000000000000111111111111111111000000000000000000000000000
00000111111111111111111111111111111111111111111111111111111110000001100000000000001111111111111111000000000000000000000000111111111111111110000000000000000000000000000
00000001111111111111111111111111111111111111111111111111111111100011100000000000011111111111111110000000000000000000000000001111111111111100000000000000000000000000000
00000000011111111111111111111111111111111111111111111111111111111111100000000011111111111111111110000000000000000000000000001111111111100000000000000000000000000000000
00000000010011110000000111111111111111111111111111111111111111111111100000111111111111111111111110000000000000000000000000000000000000000000000000000000000000000000000
00000000000000000000000011111111111111111111111111111111111111111111111111111111111111111111111110000000000000000000000000000000000000000000000000000000000000000000000
00000000000000000000000001111111111111111111111111111111111111111111111111111111111111111111111110000000000000000000000000000000000000000000000000000000000000000000000
00000000000000000000000001111111111111111111111111111111111111111111111111111111111111111111111110000000000000000000000000000000000000000000000000000000000000000000000
00000000000000000000000001111111111111111111111111111111111111111111111111111111111111111111111100000000000010000000000000000000000000000000000000000000000000000000000
00000000000000000000000001111111111111111111111111111111111111111111111111111111111111111111111100000000000000000000000000000000000000000000000000000000000000000000000
00000000000000000000000000111111111111111111111111111111111111111111111111111111111111111111111100000000000000000000000000000000000000000000000000000000000000000000000
00000000000000000000000000111111111111111111111111111111111111111111111111111111111111111111111100000000000000000000000000000000000000000000000000000000000000000000000
00000000000000000000000000111111111111111111111111111111111111111111111111111111111111111111111100000000000000000000000000000000000000000000000000000000100000000000000
00000000000000000000000000111111111111111111111111111111111111111111111111111111111111111111111000000000000000000000000000000000000000000000000000000000000000000000000
00000000000000000000000000111111111111111111111111111111111111111111111111111111111111111111110000000000000000000000000000000000000000000000000000000000000000000000000
00000000000000000000000000111111111111111111111111111111111000000000000001111111111111111111111000000000000000000000000000000000000000000000000000000000000000000000000
00000000000000000000000000111111111111111111111111111111111000000000000001111111111111111111111000000000000000000000000000000000000000000000000000000000000000000000000
00000000000000000000000001111111111111111111111111111111100000000000000001111111111111111111111100000000000000000000000000000000000000000000000000000000000000000000000
00000000000000000000000011111111111111111111111111111111100000000000000001111111111111111111111111000000000000000000000000000000000000000000000000000000000000000000000
00000000000000000000000011111111111111111111111111111111100000000000000001111111111111111111111111111110000000000000000000000000000000000000000000000000000000000000000
00000000000000000000001111111111111111111111111111111111100000000000000011111111111111111111111111111110000000000000000000000000000000000000000000000000000000000000000
00000000000000000000001111111111111111111111111111111111100000000000000011111111111111111111111111111111000000000000000000000000000000000000000000000000000000000000000
00000000000000000000011111111111111111111111111111111111100000000000000111111111111111111111111111111111110000000000000000000000000000000000000000000000000000000000000
00000000000000000000111111111111111111111111111111111110000000000000000111111111111111111111111111111111110011110000000000000000000000000000000000000000000000000000000
00000000000000000001111111111111111111111111111111111110000000000000000011111111111111111111111111111111111111110000000000000000000000000000000000000000000000000000000
00000000000000000001111111111111111111111111111111111110000000000000000011111111111111111111111111111111111111100000000000000000000000000000000000000000000000000000000
00000000000000000001111111111111111111111111111111111110000000000000000011111111111111111111111111111111111111000000000000000000000000000000000000000000000000000000000
00000000000000000001111111111111111111111111111111110000000000000000000011111111111111111111111111111111111111000000000000000000000000000000000000000000000000000000000
00000000000000000011111111111111111111111111111111100000000000000000000011111111111111111111111111111111111110000000000000000000000000000000000000000000000000000000000
00000000000000000001111111111111111111111111111111100000000000000000000000011111111111111111111111111111111110000000000000000000000000000000000000000000000000000000000
00000000000000000001111111111111111111111111111111100000000000000000000000001111111111111111111111111111111110000000000000000000000000000000000000000000000000000000000
00000000000000000001111111111111111111111111111111100000000000000000000000001111111111111111111111111111111110000000000110000111111110000111111100000000000000000000000
00000000000000000000111111111111111111111111111111100000000000000000000000000000000011111111111111111111111110000000000110000111111110000111111100000000000000000000000
00000000000000000000111111111111111111111111111111100000000000000000000000000000000011111111111111111111111111111111111111111111111111111111111100000000000000000000000
00000000000000000000111111111111111111111111111111100000000000000000000000000000000011111111111111111111111111111111111111111111111111111111111100000000000000000000000
00000000000000000001111111111111111111111111111000000000000000000000000000000000000011111111111111111111111111111111111111111111111111111111111110000000000000000000000
00000000000000000001111111111111111111111111111000000000000000000000000000000000000011111111111111111111111111111111111111111111111111111111111110000000000000000000000
00000000000000000001111111111111111111111111111000000000000000000000000000000000000011111111111111111111111111111111111111111111111111111111111110000000000000000000000
00000000000000000111111111111111111111111111111000000000000000000000000000000000000111111111111111111111111111111111111111111111111111111111111110000000000000000000000
00000000000000001111111111111111111111111111111000000000000000000000000000000000000111111111111111111111111111111111111111111111111111111111111110000000000000000000000
00000000000000001111111111111111111111111111111000000000000000000000000000000000000111111111111111111111111111111111111111111111111111111111111110000000000000000000000
00000000000000001111111111111111111111111111111000000000000000000000000000000000001111111111111111111111111111111111111111111111111111111111111110000000000000000000000
00000000000000001111111111111111111111111111111000000000000000000000000000000000011111111111111111111111111111111111111111111111111111111111111110000000000000000000000
00000000000000001111111111111111111111111111111100000000000000000000000000000000111111111111111111111111111111111111111111111111111111111111111110000000000000000000000
00000000000000001111111111111111111111111111111100000000000000000000000000000011111111111111111111111111111111111111111111111111111111111111111110000000000000000000000
00000000000000001111111111111111111111111111110000000000000000000000000000000111111111111111111111111111111111111111111111111111111111111111111110000000000000000000000
00000000000000001111111111111111111111111111110000000000000000000000000000001111111111111111111111111111111111111111111111111111111111111111111110000000000000000000000
00000000000000001111111111111111111111111111100000000000000000000000000000000001111111111111111111111111111111111111111111111111111111111111111110000000000000000000000
00000000000000001111111111111111111111111111100000000000000000000000000000000000111111111111111111111111111111111111111111111111111111111111111110000000000000000000000
00000000000000001111111111111111111111111111100000000000000000000000000000000000111111111111111111111111111111111111111111111111111111111111111000000000000000000000000
00000000000000001111111111111111111111111111100000000000000000000000000000000001111111111111111111111111111111111111111111111111111111111111110000000000000000000000000
00000000000000001111111111111111111111111111100000000000000000000000000000000001111111111111111111111111111111111111111111111111111111111111100000000000000000000000000
00000000000000001111111111111111111111111111100000000000000000000000000000000001111111111111111111111111111111111111111111111111111111111111100000000000000000000000000
00000000000000001111111111111111111111111111100000000000000000000000000000000011111111111111111111111111111111111111111111111111111111111111000000000000000000000000000
00000000000000001111111111111111111111111111100000000000000000000000000000000111111111111111111111111111111111111111111111111111111111111111000000000000000000000000000
00000000000000001111111111111111111111111111100000000000000000000000000000001111111111111111111111111111111111111111111111111111111111111111000000000000000000000000000
00000000000000011111111111111111111111111111100000000000000000000000000000001111111111111111111111111111111111111111111111111111111111111110000000000000000000000000000
00000000000000011111111111111111111111111111100000000000000000000000000000001111111111111111111111111111111111111111111111111111111111111100000000000000000000000000000
00000000000000011111111111111111111111111111100000000000000000000000000000001111111111111111111111111111111111111111111111111111111111111000000000000000000000000000000
00000000000000011111111111111111111111111111111111100000000000000000000000001111111111111111111111111111111111111111111111111111111111111000000000000000000000000000000
00000000000000011111111111111111111111111111111111100000000000000000000000011111111111111111111111111111111111111111111111111111111111110000000000000000000000000000000
00000000000000011111111111111111111111111111111111110000000000000000000000111111111111111111111111111111111111111111111111111111111111100000000000000000000000000000000
00000000000000011111111111111111111111111111111111110000000000000000000001111111111111111111111111111111111111111111111111111111111111100000000000000000000000000000000
00000000000000011111111111111111111111111111111111110000000000000000000011111111111111111111111111111111111111111111111111111111111111100000000000000000000000000000000
00000000000000011111111111111111111111111111111111110000000000000000000111111111111111111111111111111111111111111111111111111111111111100000000000000000000000000000000
00000000000000011111111111111111111111111111111111110000000000000000001111111111111111111111111111111111111111111111111111111111111111100000000000000000000000000000000
00000000000000011111111111111111111111111111111111110000000000000000011111111111111111111111111111111111111111111111111111111111111111100000000000000000000000000000000
00000000000000000001111111111111111111111111111111111000000000001110111111111111111111111111111111111111111111111111111111111111111111100000000000000000000000000000000
00000000000000000001111111111111111111111111111111111000000000011111111111111111111111111111111111111111111111111111111111111111111111100000000000000000000000000000000
00000000000000000000000111111111111111111111111111111000000000111111111111111111111111111111111111111111111111111111111111111111111111100000000000000000000000000000000
00000000000000000000000111111111111111111111111111111000000001111111111111111111111111111111111111111111111111111111111111110000000000000000000000000000000000000000000
00000000000000000000000111111111111111111111111111111100000011111111111111111111111111111111111111111111111111111111111111000000000000000000000000000000000000000000000
00000000000000000000000111111111111111111111111111111111111111111111111111111111111111111111111111111000111111111111100000000000000000000000000000000000000000000000000
00000000000000000000000001111111111111111111111111111111111111111111111111111111111111111111111111110000111111111100000000000000000000000000000000000000000000000000000
00000000000000000000000001111111111111111111111111111111111111111111111111111111111111111111111111100000111111111000000000000000000000000000000000000000000000000000000
00000000000000000000000000011111111111111111111111111111111111111111111111111111111111111111111111000000111111110000000000000000000000000000000000000000000000000000000
00000000000000000000100000011111111111111111111111111111111111111111111111111111111111111111111110000000111111100000000000000000000000000000000000000000000000000000000
00000000000000000000000000011111111111111111111111111111111111111111111111111111111111111111111110000000111111000000000000000000000000000000000000000000000000000000000
00000000000000000000000000011111111111111111111111111111111111111111111111111111111111111111111110000000111110000000000000000000000000000000000000000000000000000000000
00000000000000000000000000001111111111111111111111111111111111111111111111111111111111111111111110000001111110000000000000000000000000000000000000000000000000000000000
00000000000000000000000000000011111110001111111111111111111111111111111111111111111111111111111110000011111100000000000000000000000000000000000000000000000000000000000
00000000000000000000000000000011111100001111111111111111111111111111111111111111111111111111111110000011111100000000000000000000000000000000000000000000000000000000000
00000000000000000000000000000000111000001111111111111111111111111111111111111111111111111111111111000111111110000000000000000000000000000000000000000000000000000000000
00000000000000000000000000000000000000001111111111111111111111111111111111111111111111111111111111111111111110000000000000000000000000000000000000000000000000000000000
00000000000000000000000000000000000000001111111111111111111111111111111111111111111111111111111111111111111111100000000000000000000000000000000000000000000000000000000
00000000000000000000000000000000000000000000000001111111111111111111111111111111111111111111111111111111111111000000000000000000000000000000000000000000000000000000000
00000000000000000000000000000000000000000000000001111111111111111111111111111111111111111111111111111111111110000000000000000000000000000000000000000000000000000000000
00000000000000000000000000000000000000000000000000000111111111111111111111111111111111111111111111111111111110000000000000000000000000000000000000000000000000000000000
00000000000000000000000000000000000000000000000000000111111111000001111111111111111111111111111111111111111100000000000000000000000000000000000000000000000000000000000
00000000000000000000000000000000000000000000000000000000111110000000111111111111111111111111111111111111111000000000000000000000000000000000000000000000000000000000000
00000000000000000000000000000000000000000000000000000000111000000000111111111111111111111111111111111111110000000000000000000000000000000000000000000000000000000000000
00000000000000000000000000000000000000000000000000000000110000000000111110000001111111111111111111111111100000000000000000000000000000000000000000000000000000000000000
00000000000000000000000000000000000000000000000000000000000000000000111000000001111111111111111111111111100000000000000000000000000000000000000000000000000000000000000
00000000000000000000000000000000000000000000000000000000000000000000100000000001111111111111111111111111000000000000000000000000000000000000000000000000000000000000000
00000000000000000000000000000000000000000000000000000000000000000000000000000001111111111111111111111111000000000000000000000000000000000000000000000000000000000000000
00000000000000000000000000000000000000000000000000000000000000000000000000000000111111111111111111111110000000000000000000000000000000000000000000000000000000000000000
00000000000000000000000000000000000000000000000000000000000000000000000000000000000011111111111111111110000000000000000000000000000000000000000000000000000000000000000
00000000000000000000000000000000000000000000000000000000000000000000000000000000000011111111111111111100000000000000000000000000000000000000000000000000000000000000000
00000000000000000000000000000000000000000000000000000000000000000000000000000000000001111111111111111000000000000000000000000000000000000000000000000000000000000000000
00000000000000000000000000000000000000000000000000000000000000000000000000000000000000011111000111100000000000000000000000000000000000000000000000000000000000000000000
00000000000000000000000000000000000000000000000000000000000000000000000000000000000000000000000110000000000000000000000000000000000000000000000000000000000000000000000
