102
370
-62
242
00000000000000000000000000000000000000000000000000000000000000000000000000000000000000000000000000000000000000000000000000000000000000000000000000000000000000000000000000000000000000000000000000000000000000000000000000000000000000000000000000000000000000000000000000000
00000000000000000000000000000000000000000000000000000000000000000000000000000000000000000000000000000011110000000000000000000000000000000000000000000000000000000000000000000000000000000000000000000000000000000000000000000000000000000000000000000000000000000000000000000
00000000000000000000000000000000000000000000000000000000000000000000000000000000000000000000000000000011110000000000000000000000000000000000000000000000000000000000000000000000000000000000000000000000000000000000000000000000000000000000000000000000000000000000000000000
00000000000000000000000000000000000000000000000000000000000000000000000000000000000000000000001111000011110000000000000000000000000000000000000000000000000000000000000000000000000000000000000000000000000000000000000000000000000000000000000000000000000000000000000000000
00000000000000000000000000000000000000000000000000000000000000000000000000000000000000000000001111000011110000000000000000000000000000000000000000000000000000000000000000000000000000000000000000000000000000000000000000000000000000000000000000000000000000000000000000000
00000000000000000000000000000000000000000000000000000000000000000000000000000000000000000000001111000011110000000000000000000000000000000000000000000000000000000000000000000000000000000000000000000000000000000000000000000000000000000000000000000000000000000000000000000
00000000000000000000000000000000000000000000000000000000000000000000000000000000000000000000001111000011110000000000000000000000000000000000000000000000000000000000000000000000000000000000000000000000000000000000000000000000000000000000000000000000000000000000000000000
00000000000000000000000000000000000000000000000000000000000000000000000000000000000000111100000000000011111111000000111111110000000000000000000000000000000000000000000000000000000000000000000000000000000000000000000000000000000000000000000000000000000000000000000000000
00000000000000000000000000000000000000000000000000000000000000000000000000000000000000111100000000000011111111000000111111110000000000000000000000000000000000000000000000000000000000000000000000000000000000000000000000000000000000000000000000000000000000000000000000000
00000000000000000000000000000000000000000000000000000000000000000000000000000000001111111100000000000011111111001111111111110000000000001111110000000000000000000000000000000000000000000000000000000000000000000000000000000000000000000000000000000000000000000000000000000
00000000000000000000000000000000000000000000000000000000000000000000000000000000001111111100000000000011111111001111111111110000000000001111110000000000000000000000000000000000000000000000000000000000000000000000000000000000000000000000000000000000000000000000000000000
00000000000000000000000000000000000000000000000000000000000000000000000000000000111111111100000000111111111100000000000000111100000011000011110000000000000000000000000000000000000000000000000000000000000000000000000000000000000000000000000000000000000000000000000000000
00000000000000000000000000000000000000000000000000000000000000000000000000000000111111111100000000111111111100000000000000111100000011000011110000000000000000000000000000000000000000000000000000000000000000000000000000000000000000000000000000000000000000000000000000000
00000000000000000000000000000000000000000000000000000000000000000011110000111111111111111100000000111111111111000000000000111111111111000011000000000000000000000000000000000000000000000000000000000000000000000000000000000000000000000000000000000000000000000000000000000
00000000000000000000000000000000000000000000000000000000000000000011110000111111111111111100000000111111111111000000000000111111111111000011000000000000000000000000000000000000000000000000000000000000000000000000000000000000000000000000000000000000000000000000000000000
00000000000000000000000000000000000000000000000000000000000000000011111111111100001111111111111111000011110000111111110000111111111111111111000000000000000000000000000000000000000000000000000000000000000000000000000000000000000000000000000000000000000000000000000000000
00000000000000000000000000000000000000000000000000000000000000000011111111111100001111111111111111000011110000111111110000111111111111111111000000000000000000000000000000000000000000000000000000000000000000000000000000000000000000000000000000000000000000000000000000000
00000000000000000000000000000000000000000000000000000000000000000011111111111100001111111111111111000011110000111111110000111111111111111111000011111111000000000000000000000000000000000000000000000000000000000000000000000000000000000000000000000000000000000000000000000
00000000000000000000000000000000000000000000000000000000000000000011111111111100001111111111111111000011110000111111110000111111111111111111000011111111000000000000000000000000000000000000000000000000000000000000000000000000000000000000000000000000000000000000000000000
00000000000000000000000000000000000000000000000000000000000000000000111100000000000000000000000000000011110000000011110000000000001111111100000000000000000000000000000000000011111111000000000000000000000000000000000000000000000000000000000000000000000000000000000000000
00000000000000000000000000000000000000000000000000000000000000000000111100000000000000000000000000000011110000000011110000000000001111111100000000000000000000000000000000000011111111000000000000000000000000000000000000000000000000000000000000000000000000000000000000000
00000000000000000000000000000000000000000000000000111100000000000000001111000000000000000000000000000011110000000011110000000000001100001100000000000000000000000000000000000011111111111111111100000000000000000000000000000000000000000000000000000000000000000000000000000
00000000000000000000000000000000000000000000000000111100000000000000001111000000000000000000000000000011110000000011110000000000001100001100000000000000000000000000000000000011111111111111111100000000000000000000000000000000000000000000000000000000000000000000000000000
00000000000000000000000000000000000000000000000000111111110000000000001111000000001111111111111111000011110000000011111111000000000000000000001111000000001111111111111111000000000000111111111100000000000000000000000000000000000000000000000000000000000000000000000000000
00000000000000000000000000000000000000000000000000111111110000000000001111000000001111111111111111000011110000000011111111000000000000000000001111000000001111111111111111000000000000111111111100000000000000000000000000000000000000000000000000000000000000000000000000000
00000000000000000000000000000000000000000000000000111111110000111111111111000000001111111111111111000011110000000011111111000000000000000000001111000000001111111111111111000000000000111111111100000000000000000000000000000000000000000000000000000000000000000000000000000
00000000000000000000000000000000000000000000000000111111110000111111111111000000001111111111111111000011110000000011111111000000000000000000001111000000001111111111111111000000000000111111111100000000000000000000000000000000000000000000000000000000000000000000000000000
00000000000000000000000000000000000000000000000000000011111111000000000000000000001111111111111111000011111111111111111111111111111111111111111111111100001111111111110000000000000000000000001111111111000000000000000000000000000000000000000000000000000000000000000000000
00000000000000000000000000000000000000000000000000000011111111000000000000000000001111111111111111000011111111111111111111111111111111111111111111111100001111111111110000000000000000000000001111111111000000000000000000000000000000000000000000000000000000000000000000000
00000000000000000000000000000000000000000000000000001111111111000000000000000000001111111111111111000011111111111111111111111111111111111111111111111100001111111111110000000000000000000000001111111111110000000000000000000000000000000000000000000000000000000000000000000
00000000000000000000000000000000000000000000000000001111111111000000000000000000001111111111111111000011111111111111111111111111111111111111111111111100001111111111110000000000000000000000001111111111110000000000000000000000000000000000000000000000000000000000000000000
00000000000000000000000000000000000000000000000000000000000000000011110000000000001111111111111111000000000000111111111111111111111111111111111111111111111111111111111111111111111111111100000000111111110000000000000000000000000000000000000000000000000000000000000000000
00000000000000000000000000000000000000000000000000000000000000000011110000000000001111111111111111000000000000111111111111111111111111111111111111111111111111111111111111111111111111111100000000111111110000000000000000000000000000000000000000000000000000000000000000000
00000000000000000000000000000000000000001111110000000000000000000011110000000000001111111111111111000000000000111111111111111111111111111111111111111111111111111111111111111111111111111100000000111111110000000000000000000000000000000000000000000000000000000000000000000
00000000000000000000000000000000000000001111110000000000000000000011110000000000001111111111111111000000000000111111111111111111111111111111111111111111111111111111111111111111111111111100000000111111110000000000000000000000000000000000000000000000000000000000000000000
00000000000000000000000000000000000011111100001111111111111111111111111111111111111111111111111111111111111111111111111111111111111111111111111111111111111111111111111111111111111111111111110000111111000000000000000000000000000000000000000000000000000000000000000000000
00000000000000000000000000000000000011111100001111111111111111111111111111111111111111111111111111111111111111111111111111111111111111111111111111111111111111111111111111111111111111111111110000111111000000000000000000000000000000000000000000000000000000000000000000000
00000000000000000000000000000000001111111100001111111111111111111111111111111111111111111111111111111111111111111111111111111111111111111111111111111111111111111111111111111111111111111111110000111111000000000000000000000000000000000000000000000000000000000000000000000
00000000000000000000000000000000001111111100001111111111111111111111111111111111111111111111111111111111111111111111111111111111111111111111111111111111111111111111111111111111111111111111110000111111000000000000000000000000000000000000000000000000000000000000000000000
00000000000000000000000000000000110000000000001111111111111111111111111111111111111111111111111111111111111111111111111111111100001111111111111111111111111111111111111111111111111111111111110000000011111100000000000000000000000000000000000000000000000000000000000000000
00000000000000000000000000000000110000000000001111111111111111111111111111111111111111111111111111111111111111111111111111111100001111111111111111111111111111111111111111111111111111111111110000000011111100000000000000000000000000000000000000000000000000000000000000000
00000000000000000000000000000011110000000000001111111111111111111111111111111111111111111111111111111111111111111111111111111100001111111111111111111111111111111111111111111111111111111111110000000011111111110000000000000000000000000000000000000000000000000000000000000
00000000000000000000000000000011110000000000001111111111111111111111111111111111111111111111111111111111111111111111111111111100001111111111111111111111111111111111111111111111111111111111110000000011111111110000000000000000000000000000000000000000000000000000000000000
00000000000000000000000000001100000000111111111111111111111111111111111111111111111111111111111111111111111111111111111111111111111111111111111111111100001111111111111111111111111111111111111111000011111111110000000000000000000000000000000000000000000000000000000000000
00000000000000000000000000001100000000111111111111111111111111111111111111111111111111111111111111111111111111111111111111111111111111111111111111111100001111111111111111111111111111111111111111000011111111110000000000000000000000000000000000000000000000000000000000000
00000000000000000000000000001100000000111111111111111111111111111111111111111111111111111111111111111111111111111111111111111111111111111111111111111100001111111111111111111111111111111111111111000011111111110000000000000000000000000000000000000000000000000000000000000
00000000000000000000000000001100000000111111111111111111111111111111111111111111111111111111111111111111111111111111111111111111111111111111111111111100001111111111111111111111111111111111111111000011111111110000000000000000000000000000000000000000000000000000000000000
00000000000000000000000000001100001111111111111111111111111111111111111111111111111111111111111111111111111111111111111111111111111111111111110000111111111111111111111111111111111111111111111111000011111111110000000000000000000000000000000000000000000000000000000000000
00000000000000000000000000001100001111111111111111111111111111111111111111111111111111111111111111111111111111111111111111111111111111111111110000111111111111111111111111111111111111111111111111000011111111110000000000000000000000000000000000000000000000000000000000000
00000000000000000000000000001100001111111111111111111111111111111111111111111111111111111111111111111111111111111111111111111111111111111111110000111111111111111111111111111111111111111111111111000011111111000000000000000000000000000000000000000000000000000000000000000
00000000000000000000000000001100001111111111111111111111111111111111111111111111111111111111111111111111111111111111111111111111111111111111110000111111111111111111111111111111111111111111111111000011111111000000000000000000000000000000000000000000000000000000000000000
00000000000000000000000000111100001111111111111111111111111111111111111111111111111111111111111111111111111111111111111111111111111111111111111111111111111111111111111111000011111111111111111111000011111111110000000000000000000000000000000000000000000000000000000000000
00000000000000000000000000111100001111111111111111111111111111111111111111111111111111111111111111111111111111111111111111111111111111111111111111111111111111111111111111000011111111111111111111000011111111110000000000000000000000000000000000000000000000000000000000000
00000000000000000000000000111100001111111111111111111111111111111111111111111111111111111111111111111111111111111111111111111111111111111111111111111111111111111111111111000011111111111111111111000011111111110000000000000000000000000000000000000000000000000000000000000
00000000000000000000000000111100001111111111111111111111111111111111111111111111111111111111111111111111111111111111111111111111111111111111111111111111111111111111111111000011111111111111111111000011111111110000000000000000000000000000000000000000000000000000000000000
00000000000000000000000000000000001111111111110000111111111111111111111111111100001111111111111111000000000000000011111111111111111111111111111111111111111111111111111111111111111111111111111111000000001111111111111111110000000000000000000000000000000000000000000000000
00000000000000000000000000000000001111111111110000111111111111111111111111111100001111111111111111000000000000000011111111111111111111111111111111111111111111111111111111111111111111111111111111000000001111111111111111110000000000000000000000000000000000000000000000000
00000000000000000000000000000000001111111111110000111111111111111111111111111100001111111111111111000000000000000011111111111111111111111111111111111111111111111111111111111111111111111111111111000000001111111111111111111100000000000000000000000000000000000000000000000
00000000000000000000000000000000001111111111110000111111111111111111111111111100001111111111111111000000000000000011111111111111111111111111111111111111111111111111111111111111111111111111111111000000001111111111111111111100000000000000000000000000000000000000000000000
00000000000000000000000011000011111111111111111111111111111111111111110000000000001111111111111111000011110000000011111111111111111111111100001111111111111111111111111111111111111111111111111111111100000000000011111111111100000000000000000000000000000000000000000000000
00000000000000000000000011000011111111111111111111111111111111111111110000000000001111111111111111000011110000000011111111111111111111111100001111111111111111111111111111111111111111111111111111111100000000000011111111111100000000000000000000000000000000000000000000000
00000000000000000000111111000011111111111111111111111111111111111111110000000000001111111111111111000011110000000011111111111111111111111100001111111111111111111111111111111111111111111111111111111100000000000011111111111100000000000000000000000000000000000000000000000
00000000000000000000111111000011111111111111111111111111111111111111110000000000001111111111111111000011110000000011111111111111111111111100001111111111111111111111111111111111111111111111111111111100000000000011111111111100000000000000000000000000000000000000000000000
00000000000000000011110000111111111111111111111111111111111111111100000000000000001111111111111111000011111111111111111111111111111111111111111111111111111111111111111111111111111111111111111111111111110000000000000000000011111111111111000000000000000000000000000000000
00000000000000000011110000111111111111111111111111111111111111111100000000000000001111111111111111000011111111111111111111111111111111111111111111111111111111111111111111111111111111111111111111111111110000000000000000000011111111111111000000000000000000000000000000000
00000000000000001111110000111111111111111111111111111111111111111100000000000000001111111111111111000011111111111111111111111111111111111111111111111111111111111111111111111111111111111111111111111111110000000000000000000011111111111111110000000000000000000000000000000
00000000000000001111110000111111111111111111111111111111111111111100000000000000001111111111111111000011111111111111111111111111111111111111111111111111111111111111111111111111111111111111111111111111110000000000000000000011111111111111110000000000000000000000000000000
00000000000000001111110000111111111111111111111111111111111111000000000000000000001111111111111111000000000000000011111111111111111111111111111111111100001111111111111111111111111111111111111111111111111111111111111111000000001111000011110000000000000000000000000000000
00000000000000001111110000111111111111111111111111111111111111000000000000000000001111111111111111000000000000000011111111111111111111111111111111111100001111111111111111111111111111111111111111111111111111111111111111000000001111000011110000000000000000000000000000000
00000000000000001111110000111111111111111111111111111111111111000000000000000000001111111111111111000000000000000011111111111111111111111111111111111100001111111111111111111111111111111111111111111111111111111111111111000000001111000011111100000000000000000000000000000
00000000000000001111110000111111111111111111111111111111111111000000000000000000001111111111111111000000000000000011111111111111111111111111111111111100001111111111111111111111111111111111111111111111111111111111111111000000001111000011111100000000000000000000000000000
00000000000000001100000000111111111111111111111111111111111111000011111111111111111111111111111111111111111111000011111111111111111111111111111111111111111111111111111111111111111111111111111111111111111111111111111111000000001111111111111100000000000000000000000000000
00000000000000001100000000111111111111111111111111111111111111000011111111111111111111111111111111111111111111000011111111111111111111111111111111111111111111111111111111111111111111111111111111111111111111111111111111000000001111111111111100000000000000000000000000000
00000000000000001100000000111111111111111111111111111111111111000011111111111111111111111111111111111111111111000011111111111111111111111111111111111111111111111111111111111111111111111111111111111111111111111111111111000000001111111111111100000000000000000000000000000
00000000000000001100000000111111111111111111111111111111111111000011111111111111111111111111111111111111111111000011111111111111111111111111111111111111111111111111111111111111111111111111111111111111111111111111111111000000001111111111111100000000000000000000000000000
00000000000000111100000000000011111111111111110000111111110000000011111111111111111111111111111111111111111111000000001111111111111111111111111111111111111111111111111111111111111111111100001111111111111111111111111111111100001111111111111100000000000000000000000000000
00000000000000111100000000000011111111111111110000111111110000000011111111111111111111111111111111111111111111000000001111111111111111111111111111111111111111111111111111111111111111111100001111111111111111111111111111111100001111111111111100000000000000000000000000000
00000000000000111100000000000011111111111111110000111111110000000011111111111111111111111111111111111111111111000000001111111111111111111111111111111111111111111111111111111111111111111100001111111111111111111111111111111100001111111111110000000000000000000000000000000
00000000000000111100000000000011111111111111110000111111110000000011111111111111111111111111111111111111111111000000001111111111111111111111111111111111111111111111111111111111111111111100001111111111111111111111111111111100001111111111110000000000000000000000000000000
00000000000000111100001111000011111111111111111111000000000000000011111111111111111111111111111111111111111111000011111111111111111111111111111111111111111111111111111111111111110000111111111111111111111111111111111111000000000000000000001111000000000000000000000000000
00000000000000111100001111000011111111111111111111000000000000000011111111111111111111111111111111111111111111000011111111111111111111111111111111111111111111111111111111111111110000111111111111111111111111111111111111000000000000000000001111000000000000000000000000000
00000000000011111100001111000011111111111111111111000000000000000011111111111111111111111111111111111111111111000011111111111111111111111111111111111111111111111111111111111111110000111111111111111111111111111111111111000000000000000000001111111111000000000000000000000
00000000000011111100001111000011111111111111111111000000000000000011111111111111111111111111111111111111111111000011111111111111111111111111111111111111111111111111111111111111110000111111111111111111111111111111111111000000000000000000001111111111000000000000000000000
00000000001111111100001111000000000000000000000000000011110000000011111111111111111111111111111111111111111111000011111111111111111111111111111111111111111111111111111111111111111111111111111111111111111111111111111111000000000000111100001111111111000000000000000000000
00000000001111111100001111000000000000000000000000000011110000000011111111111111111111111111111111111111111111000011111111111111111111111111111111111111111111111111111111111111111111111111111111111111111111111111111111000000000000111100001111111111000000000000000000000
00000000111111111100001111000000000000000000000000000011110000000011111111111111111111111111111111111111111111000011111111111111111111111111111111111111111111111111111111111111111111111111111111111111111111111111111111000000000000111100001111111111000000000000000000000
00000000111111111100001111000000000000000000000000000011110000000011111111111111111111111111111111111111111111000011111111111111111111111111111111111111111111111111111111111111111111111111111111111111111111111111111111000000000000111100001111111111000000000000000000000
00000000111111111100001111000000000000000000000000000000000000000011111111111111111111111111111111111111111111000011110000111111111111000000000000111111111111111111111111111111111111111111111111111111111111111111111111111111111111111100000000111111111111000000000000000
00000000111111111100001111000000000000000000000000000000000000000011111111111111111111111111111111111111111111000011110000111111111111000000000000111111111111111111111111111111111111111111111111111111111111111111111111111111111111111100000000111111111111000000000000000
00000000111111111100001111000000000000000000000000000000000000000011111111111111111111111111111111111111111111000011110000111111111111000000000000111111111111111111111111111111111111111111111111111111111111111111111111111111111111111100000000111111111111110000000000000
00000000111111111100001111000000000000000000000000000000000000000011111111111111111111111111111111111111111111000011110000111111111111000000000000111111111111111111111111111111111111111111111111111111111111111111111111111111111111111100000000111111111111110000000000000
00000000111111111100001111111111111111111111111111111111111111000011111111111111111111111111111111111111111111000011111111111111110000000000000000000011111111111111111111111111111111111111111111111111111111111100001111111111111111111111110000000000001111110000000000000
00000000111111111100001111111111111111111111111111111111111111000011111111111111111111111111111111111111111111000011111111111111110000000000000000000011111111111111111111111111111111111111111111111111111111111100001111111111111111111111110000000000001111110000000000000
00000000000000111100001111111111111111111111111111111111111111000011111111111111111111111111111111111111111111000011111111111111110000000000000000000011111111111111111111111111111111111111111111111111111111111100001111111111111111111111110000000000001111111111111111110
00000000000000111100001111111111111111111111111111111111111111000011111111111111111111111111111111111111111111000011111111111111110000000000000000000011111111111111111111111111111111111111111111111111111111111100001111111111111111111111110000000000001111111111111111110
00000000000011000000000000000000000000000000000000000000000000000000000000000011111111111111111111000000000000000000000000000000000000000000001111111111111111111111111111111111111111111111111111111111111111111111111111111111111111111111111111111111111111111111111111110
00000000000011000000000000000000000000000000000000000000000000000000000000000011111111111111111111000000000000000000000000000000000000000000001111111111111111111111111111111111111111111111111111111111111111111111111111111111111111111111111111111111111111111111111111110
00000000000011000000000000000000000000000000000000000000000000000000000000000011111111111111111111000000000000000000000000000000000000000000001111111111111111111111111111111111111111111111111111111111111111111111111111111111111111111111111111111111111111111111111111110
00000000000011000000000000000000000000000000000000000000000000000000000000000011111111111111111111000000000000000000000000000000000000000000001111111111111111111111111111111111111111111111111111111111111111111111111111111111111111111111111111111111111111111111111111110
00000000001111000011110000111111111111111111111111111111111111111111111111111111111111111111111111111111111111111111111111111111111111111100000000111111111111111111110000111111111111000000000000111111111111111111111111111111111111111111111111111111111111111111111111110
00000000001111000011110000111111111111111111111111111111111111111111111111111111111111111111111111111111111111111111111111111111111111111100000000111111111111111111110000111111111111000000000000111111111111111111111111111111111111111111111111111111111111111111111111110
00000000001111000011110000111111111111111111111111111111111111111111111111111111111111111111111111111111111111111111111111111111111111111100000000111111111111111111110000111111111111000000000000111111111111111111111111111111111111111111111111111111111111111111111111110
00000000001111000011110000111111111111111111111111111111111111111111111111111111111111111111111111111111111111111111111111111111111111111100000000111111111111111111110000111111111111000000000000111111111111111111111111111111111111111111111111111111111111111111111111110
00000000000011000000000000000011111111111111111111111111111111111111111111111111111111111111111111111111111111111111111111111111111111111100001111111111111111111111111111111111110000000000000000111111110000111111111111111111111111111111111111111111111111111111111111000
00000000000011000000000000000011111111111111111111111111111111111111111111111111111111111111111111111111111111111111111111111111111111111100001111111111111111111111111111111111110000000000000000111111110000111111111111111111111111111111111111111111111111111111111111000
00000000001111000000000000000011111111111111111111111111111111111111111111111111111111111111111111111111111111111111111111111111111111111100001111111111111111111111111111111111110000000000000000111111110000111111111111111111111111111111111111111111111111111111111111000
00000000001111000000000000000011111111111111111111111111111111111111111111111111111111111111111111111111111111111111111111111111111111111100001111111111111111111111111111111111110000000000000000111111110000111111111111111111111111111111111111111111111111111111111111000
00000000110000000000000000000000001111111111111111111111111111111111111111111111111111111111111111111111111111111111111111111111111111111100001111111111111111111111111111111111111111000000001111111111111111111111111111111111111111111111111111000000001111111111111100000
00000000110000000000000000000000001111111111111111111111111111111111111111111111111111111111111111111111111111111111111111111111111111111100001111111111111111111111111111111111111111000000001111111111111111111111111111111111111111111111111111000000001111111111111100000
00000011110000000000000000000000001111111111111111111111111111111111111111111111111111111111111111111111111111111111111111111111111111111100001111111111111111111111111111111111111111000000001111111111111111111111111111111111111111111111111111000000001111111111110000000
00000011110000000000000000000000001111111111111111111111111111111111111111111111111111111111111111111111111111111111111111111111111111111100001111111111111111111111111111111111111111000000001111111111111111111111111111111111111111111111111111000000001111111111110000000
00000011110000000000000000000000001111111111111111111111110000000011111111111111111111111111111111111111111111111111111111111111111111111100001111111111111111111111111111111111111111111111111111111111111111111111111111000011111111111100000000000011111111111111000000000
00000011110000000000000000000000001111111111111111111111110000000011111111111111111111111111111111111111111111111111111111111111111111111100001111111111111111111111111111111111111111111111111111111111111111111111111111000011111111111100000000000011111111111111000000000
00000011110000000000000000000000001111111111111111111111110000000011111111111111111111111111111111111111111111111111111111111111111111111100001111111111111111111111111111111111111111111111111111111111111111111111111111000011111111111100000000000011111111111100000000000
00000011110000000000000000000000001111111111111111111111110000000011111111111111111111111111111111111111111111111111111111111111111111111100001111111111111111111111111111111111111111111111111111111111111111111111111111000011111111111100000000000011111111111100000000000
00000011111111111100000000000011111111111111111111111111111111111111111111111111111111111111111111111111111111111111111111111111111111111100001111111111111111111111111111111111111111111111111111111111111111111111111111111111111111000000001111111111111111110000000000000
00000011111111111100000000000011111111111111111111111111111111111111111111111111111111111111111111111111111111111111111111111111111111111100001111111111111111111111111111111111111111111111111111111111111111111111111111111111111111000000001111111111111111110000000000000
00000011111111111100000000000011111111111111111111111111111111111111111111111111111111111111111111111111111111111111111111111111111111111100001111111111111111111111111111111111111111111111111111111111111111111111111111111111111111000000001111111111110000000000000000000
00000011111111111100000000000011111111111111111111111111111111111111111111111111111111111111111111111111111111111111111111111111111111111100001111111111111111111111111111111111111111111111111111111111111111111111111111111111111111000000001111111111110000000000000000000
00000011111111000000000000000011111111111111111111000000000000000000001111111111111111111111111111111111111111111111111111111111111111111111111111111111111111111111111111111111111111111111111111111111111111111111111111111111111111000000001111111100000000000000000000000
00000011111111000000000000000011111111111111111111000000000000000000001111111111111111111111111111111111111111111111111111111111111111111111111111111111111111111111111111111111111111111111111111111111111111111111111111111111111111000000001111111100000000000000000000000
00000000111111000000000000000011111111111111111111000000000000000000001111111111111111111111111111111111111111111111111111111111111111111111111111111111111111111111111111111111111111111111111111111111111111111111111111111111111111000000001111110000000000000000000000000
00000000111111000000000000000011111111111111111111000000000000000000001111111111111111111111111111111111111111111111111111111111111111111111111111111111111111111111111111111111111111111111111111111111111111111111111111111111111111000000001111110000000000000000000000000
00000000111111000000000000000011111111111111111111000011110000000000001111111111111111000000000000111100000000111111111111111111111111111111111111111111111111111111111111111111111111111111111111111111111111000011111111111111111111000011111111000000000000000000000000000
00000000111111000000000000000011111111111111111111000011110000000000001111111111111111000000000000111100000000111111111111111111111111111111111111111111111111111111111111111111111111111111111111111111111111000011111111111111111111000011111111000000000000000000000000000
00000000111111000000000000000011111111111111111111000011110000000000001111111111111111000000000000111100000000111111111111111111111111111111111111111111111111111111111111111111111111111111111111111111111111000011111111111111111111000011111100000000000000000000000000000
00000000111111000000000000000011111111111111111111000011110000000000001111111111111111000000000000111100000000111111111111111111111111111111111111111111111111111111111111111111111111111111111111111111111111000011111111111111111111000011111100000000000000000000000000000
00000000111111000000000000000000001111111111111111000000000000000000001111111111111111000000000000000000000000111111111111111111111111111111111111111111111111111111111111111111111111111111111111111111111111111111111111111111110000000011110000000000000000000000000000000
00000000111111000000000000000000001111111111111111000000000000000000001111111111111111000000000000000000000000111111111111111111111111111111111111111111111111111111111111111111111111111111111111111111111111111111111111111111110000000011110000000000000000000000000000000
00001111111111000000000000000000001111111111111111000000000000000000001111111111111111000000000000000000000000111111111111111111111111111111111111111111111111111111111111111111111111111111111111111111111111111111111111111111110000000011110000000000000000000000000000000
00001111111111000000000000000000001111111111111111000000000000000000001111111111111111000000000000000000000000111111111111111111111111111111111111111111111111111111111111111111111111111111111111111111111111111111111111111111110000000011110000000000000000000000000000000
11111111111111000000000000000011111111111111111111000011111111111100001111111111111111000011111111111100000000111111111111111111111111111111111111000011111111111111111111000011111111111111111111111111111111111111111111111111110000111111111100000000000000000000000000000
11111111111111000000000000000011111111111111111111000011111111111100001111111111111111000011111111111100000000111111111111111111111111111111111111000011111111111111111111000011111111111111111111111111111111111111111111111111110000111111111100000000000000000000000000000
11111111111111000000000000000011111111111111111111000011111111111100001111111111111111000011111111111100000000111111111111111111111111111111111111000011111111111111111111000011111111111111111111111111111111111111111111111111110000111111110000000000000000000000000000000
11111111111111000000000000000011111111111111111111000011111111111100001111111111111111000011111111111100000000111111111111111111111111111111111111000011111111111111111111000011111111111111111111111111111111111111111111111111110000111111110000000000000000000000000000000
11110011110000000000000000000011111111111111111111000000000000000000001111111111111111000000000000000000000000111111111111111111111111111100000000000011111111111111111111111111111111111111111111111111111111111111111111111100000000111111000000000000000000000000000000000
11110011110000000000000000000011111111111111111111000000000000000000001111111111111111000000000000000000000000111111111111111111111111111100000000000011111111111111111111111111111111111111111111111111111111111111111111111100000000111111000000000000000000000000000000000
11111111110000000000000000000011111111111111111111000000000000000000001111111111111111000000000000000000000000111111111111111111111111111100000000000011111111111111111111111111111111111111111111111111111111111111111111111100000000110000000000000000000000000000000000000
11111111110000000000000000000011111111111111111111000000000000000000001111111111111111000000000000000000000000111111111111111111111111111100000000000011111111111111111111111111111111111111111111111111111111111111111111111100000000110000000000000000000000000000000000000
11111111110000000000000000111111111111111111111111111111111111111111111111111111111111111111111111000000000000000011111111111111111111111100000000000011111111111111111111111111111111111111111111111111111111111111111111000000001100000000000000000000000000000000000000000
11111111110000000000000000111111111111111111111111111111111111111111111111111111111111111111111111000000000000000011111111111111111111111100000000000011111111111111111111111111111111111111111111111111111111111111111111000000001100000000000000000000000000000000000000000
00111111110000000000000000111111111111111111111111111111111111111111111111111111111111111111111111000000000000000011111111111111111111111100000000000011111111111111111111111111111111111111111111111111111111111111111111000000001100000000000000000000000000000000000000000
00111111110000000000000000111111111111111111111111111111111111111111111111111111111111111111111111000000000000000011111111111111111111111100000000000011111111111111111111111111111111111111111111111111111111111111111111000000001100000000000000000000000000000000000000000
00001100000000000000000000111111111111111111111111111111111111111111111111111111111111111111111111000000000000111111111111111111111111111100000000000011111111111111111111111111111111111111111111111111111111111111110000000011111100000000000000000000000000000000000000000
00001100000000000000000000111111111111111111111111111111111111111111111111111111111111111111111111000000000000111111111111111111111111111100000000000011111111111111111111111111111111111111111111111111111111111111110000000011111100000000000000000000000000000000000000000
00001100000000000000000000111111111111111111111111111111111111111111111111111111111111111111111111000000000000111111111111111111111111111100000000000011111111111111111111111111111111111111111111111111111111111111110000000011110000000000000000000000000000000000000000000
00001100000000000000000000111111111111111111111111111111111111111111111111111111111111111111111111000000000000111111111111111111111111111100000000000011111111111111111111111111111111111111111111111111111111111111110000000011110000000000000000000000000000000000000000000
00001100001111111100000000111100001111111111111111111111111111111111111111111111111111111111111111000011111111111111111111111111111111111100000000000011111111111111111111111111111111000011111111111111111111111100001111111111110000000000000000000000000000000000000000000
00001100001111111100000000111100001111111111111111111111111111111111111111111111111111111111111111000011111111111111111111111111111111111100000000000011111111111111111111111111111111000011111111111111111111111100001111111111110000000000000000000000000000000000000000000
00001100001111111100000000111100001111111111111111111111111111111111111111111111111111111111111111000011111111111111111111111111111111111100000000000011111111111111111111111111111111000011111111111111111111111100001111000000000000000000000000000000000000000000000000000
00001100001111111100000000111100001111111111111111111111111111111111111111111111111111111111111111000011111111111111111111111111111111111100000000000011111111111111111111111111111111000011111111111111111111111100001111000000000000000000000000000000000000000000000000000
00001111111111111100000000111111111111111111111111111111111111111111111111111111111111111111111111111111111111111111111111111111111111111100000000111111111111111111111111111111111111111111111111111111111111000000001100000000000000000000000000000000000000000000000000000
00001111111111111100000000111111111111111111111111111111111111111111111111111111111111111111111111111111111111111111111111111111111111111100000000111111111111111111111111111111111111111111111111111111111111000000001100000000000000000000000000000000000000000000000000000
00001111111111111100000000111111111111111111111111111111111111111111111111111111111111111111111111111111111111111111111111111111111111111100000000111111111111111111111111111111111111111111111111111111111111000000001100000000000000000000000000000000000000000000000000000
00001111111111111100000000111111111111111111111111111111111111111111111111111111111111111111111111111111111111111111111111111111111111111100000000111111111111111111111111111111111111111111111111111111111111000000001100000000000000000000000000000000000000000000000000000
00001100000000111100000000111111111111111111111111111111111111111111111111111111111111111111111111111111111111111111111111111111111111111100000000111111111111111111111111111111111111111111111111111111110000000011110000000000000000000000000000000000000000000000000000000
00001100000000111100000000111111111111111111111111111111111111111111111111111111111111111111111111111111111111111111111111111111111111111100000000111111111111111111111111111111111111111111111111111111110000000011110000000000000000000000000000000000000000000000000000000
00001100000000111100000000111111111111111111111111111111111111111111111111111111111111111111111111111111111111111111111111111111111111111100000000111111111111111111111111111111111111111111111111111111110000000011110000000000000000000000000000000000000000000000000000000
00001100000000111100000000111111111111111111111111111111111111111111111111111111111111111111111111111111111111111111111111111111111111111100000000111111111111111111111111111111111111111111111111111111110000000011110000000000000000000000000000000000000000000000000000000
00111100000011111100000000111111111111111111111111111111111111111111111111111111111111111111111111111111111111111111111111111111111111111100000000000011111111111111111111111111111111111100001111000000000000111100000000000000000000000000000000000000000000000000000000000
00111100000011111100000000111111111111111111111111111111111111111111111111111111111111111111111111111111111111111111111111111111111111111100000000000011111111111111111111111111111111111100001111000000000000111100000000000000000000000000000000000000000000000000000000000
00111100001111111100000000111111111111111111111111111111111111111111111111111111111111111111111111111111111111111111111111111111111111111100000000000011111111111111111111111111111111111100001111000000000000110000000000000000000000000000000000000000000000000000000000000
00111100001111111100000000111111111111111111111111111111111111111111111111111111111111111111111111111111111111111111111111111111111111111100000000000011111111111111111111111111111111111100001111000000000000110000000000000000000000000000000000000000000000000000000000000
00111100001111000011110000111111111111111111111111111111111111111111110000111111111111111111111111111111111111111111111111111111111111111100000000000011111111111111111111111111111111111100000000111111111111110000000000000000000000000000000000000000000000000000000000000
00111100001111000011110000111111111111111111111111111111111111111111110000111111111111111111111111111111111111111111111111111111111111111100000000000011111111111111111111111111111111111100000000111111111111110000000000000000000000000000000000000000000000000000000000000
00111100001111000011110000111111111111111111111111111111111111111111110000111111111111111111111111111111111111111111111111111111111111111100000000000011111111111111111111111111111111111100000000111111111111000000000000000000000000000000000000000000000000000000000000000
00111100001111000011110000111111111111111111111111111111111111111111110000111111111111111111111111111111111111111111111111111111111111111100000000000011111111111111111111111111111111111100000000111111111111000000000000000000000000000000000000000000000000000000000000000
00111100000000000000000000111111111111111111111111111111111111111111110000000011111111111111111111111111111111111111111111111111111111111100000000000011111111111111111111111111111111111100000000111111111111000000000000000000000000000000000000000000000000000000000000000
00111100000000000000000000111111111111111111111111111111111111111111110000000011111111111111111111111111111111111111111111111111111111111100000000000011111111111111111111111111111111111100000000111111111111000000000000000000000000000000000000000000000000000000000000000
00111100000000000000000000111111111111111111111111111111111111111111110000000011111111111111111111111111111111111111111111111111111111111100000000000011111111111111111111111111111111111100000000111111111111000000000000000000000000000000000000000000000000000000000000000
00111100000000000000000000111111111111111111111111111111111111111111110000000011111111111111111111111111111111111111111111111111111111111100000000000011111111111111111111111111111111111100000000111111111111000000000000000000000000000000000000000000000000000000000000000
00111111110000000011110000000000000000000000001111111100000000000000000000000011111111111111111111000011111111111111111111111111111111111100000000111111111111111111111111111111111111111100000000111111111111000000000000000000000000000000000000000000000000000000000000000
00111111110000000011110000000000000000000000001111111100000000000000000000000011111111111111111111000011111111111111111111111111111111111100000000111111111111111111111111111111111111111100000000111111111111000000000000000000000000000000000000000000000000000000000000000
00111111110000000011110000000000000000000000001111111100000000000000000000000011111111111111111111000011111111111111111111111111111111111100000000111111111111111111111111111111111111111100000000111111111111000000000000000000000000000000000000000000000000000000000000000
00111111110000000011110000000000000000000000001111111100000000000000000000000011111111111111111111000011111111111111111111111111111111111100000000111111111111111111111111111111111111111100000000111111111111000000000000000000000000000000000000000000000000000000000000000
00111111111111111111111111000000000000111111111111111111111111111111110000000011111111111111111111000011111111111111111111111111111111111100000000000000001111111111111111111111111111111111110000111111111111110000000000000000000000000000000000000000000000000000000000000
00111111111111111111111111000000000000111111111111111111111111111111110000000011111111111111111111000011111111111111111111111111111111111100000000000000001111111111111111111111111111111111110000111111111111110000000000000000000000000000000000000000000000000000000000000
00000011111111111111111111000000000000111111111111111111111111111111110000000011111111111111111111000011111111111111111111111111111111111100000000000000001111111111111111111111111111111111110000111111111111110000000000000000000000000000000000000000000000000000000000000
00000011111111111111111111000000000000111111111111111111111111111111110000000011111111111111111111000011111111111111111111111111111111111100000000000000001111111111111111111111111111111111110000111111111111110000000000000000000000000000000000000000000000000000000000000
00000011110000000000001111111100000000111111111111111111111111111111110000000011111111111111111111000000000000000000000000000000000000000000000000000011111111111111111111111111111111111111110000000011111111110000000000000000000000000000000000000000000000000000000000000
00000011110000000000001111111100000000111111111111111111111111111111110000000011111111111111111111000000000000000000000000000000000000000000000000000011111111111111111111111111111111111111110000000011111111110000000000000000000000000000000000000000000000000000000000000
00000011110000000000001111111100000000111111111111111111111111111111110000000011111111111111111111000000000000000000000000000000000000000000000000000011111111111111111111111111111111111111110000000011111111000000000000000000000000000000000000000000000000000000000000000
00000011110000000000001111111100000000111111111111111111111111111111110000000011111111111111111111000000000000000000000000000000000000000000000000000011111111111111111111111111111111111111110000000011111111000000000000000000000000000000000000000000000000000000000000000
00000011110000000000001111111100001111111111111111111111111111111111111111000011111111111111110000000000000000000000000000000000001111111100000000000011111111111111111111111100001111111111110000000011111111000000000000000000000000000000000000000000000000000000000000000
00000011110000000000001111111100001111111111111111111111111111111111111111000011111111111111110000000000000000000000000000000000001111111100000000000011111111111111111111111100001111111111110000000011111111000000000000000000000000000000000000000000000000000000000000000
00000011110000000000001111111100001111111111111111111111111111111111111111000011111111111111110000000000000000000000000000000000001111111100000000000011111111111111111111111100001111111111110000000011111100000000000000000000000000000000000000000000000000000000000000000
00000011110000000000001111111100001111111111111111111111111111111111111111000011111111111111110000000000000000000000000000000000001111111100000000000011111111111111111111111100001111111111110000000011111100000000000000000000000000000000000000000000000000000000000000000
00000011111111000011110000111100001111111111111111111111111111111111111111111111111111111111111111000000000000000000001111000000000000000000000000111111111111111111111111111111111111111111110000000011110000000000000000000000000000000000000000000000000000000000000000000
00000011111111000011110000111100001111111111111111111111111111111111111111111111111111111111111111000000000000000000001111000000000000000000000000111111111111111111111111111111111111111111110000000011110000000000000000000000000000000000000000000000000000000000000000000
00000011111111000011110000111100001111111111111111111111111111111111111111111111111111111111111111000000000000000000001111000000000000000000000000111111111111111111111111111111111111111111110000000011110000000000000000000000000000000000000000000000000000000000000000000
00000011111111000011110000111100001111111111111111111111111111111111111111111111111111111111111111000000000000000000001111000000000000000000000000111111111111111111111111111111111111111111110000000011110000000000000000000000000000000000000000000000000000000000000000000
00000011111111111111111111111100000000111111111111111111111111111111111111111111111111111111111111111100000000000011111111000000000000000011111111111111111111111111111111111111111111111111110000111111000000000000000000000000000000000000000000000000000000000000000000000
00000011111111111111111111111100000000111111111111111111111111111111111111111111111111111111111111111100000000000011111111000000000000000011111111111111111111111111111111111111111111111111110000111111000000000000000000000000000000000000000000000000000000000000000000000
00000000111111111100111111111100000000111111111111111111111111111111111111111111111111111111111111111100000000000011111111000000000000000011111111111111111111111111111111111111111111111111110000111111000000000000000000000000000000000000000000000000000000000000000000000
00000000111111111100111111111100000000111111111111111111111111111111111111111111111111111111111111111100000000000011111111000000000000000011111111111111111111111111111111111111111111111111110000111111000000000000000000000000000000000000000000000000000000000000000000000
00000000000000000000000011111100000000111111111111111111111111111111111111111111111111111111111111111111111111111111111111111111111111111111111111111111111111111111110000111111111111111100000000111111000000000000000000000000000000000000000000000000000000000000000000000
00000000000000000000000011111100000000111111111111111111111111111111111111111111111111111111111111111111111111111111111111111111111111111111111111111111111111111111110000111111111111111100000000111111000000000000000000000000000000000000000000000000000000000000000000000
00000000000000000000000011111100000000111111111111111111111111111111111111111111111111111111111111111111111111111111111111111111111111111111111111111111111111111111110000111111111111111100000000111111000000000000000000000000000000000000000000000000000000000000000000000
00000000000000000000000011111100000000111111111111111111111111111111111111111111111111111111111111111111111111111111111111111111111111111111111111111111111111111111110000111111111111111100000000111111000000000000000000000000000000000000000000000000000000000000000000000
00000000000000000000001111000000000000111111111111111111111111111111111111111111111111111111111111111111111111111111111111111111111111111111111111111111111111111111111111111100001111111100001111111111000000000000000000000000000000000000000000000000000000000000000000000
00000000000000000000001111000000000000111111111111111111111111111111111111111111111111111111111111111111111111111111111111111111111111111111111111111111111111111111111111111100001111111100001111111111000000000000000000000000000000000000000000000000000000000000000000000
00000000000000001100111111000000000000111111111111111111111111111111111111111111111111111111111111111111111111111111111111111111111111111111111111111111111111111111111111111100001111111100001111111111110000000000000000000000000000000000000000000000000000000000000000000
00000000000000001100111111000000000000111111111111111111111111111111111111111111111111111111111111111111111111111111111111111111111111111111111111111111111111111111111111111100001111111100001111111111110000000000000000000000000000000000000000000000000000000000000000000
00000000000000000000110000000000001111111111111111111111111111111111111111111111111111111111111111111111111111111111111111111100001111111111111111111111110000111111111111111111111111111100001111111111110000000000000000000000000000000000000000000000000000000000000000000
00000000000000000000110000000000001111111111111111111111111111111111111111111111111111111111111111111111111111111111111111111100001111111111111111111111110000111111111111111111111111111100001111111111110000000000000000000000000000000000000000000000000000000000000000000
00000000000000000011110000000000001111111111111111111111111111111111111111111111111111111111111111111111111111111111111111111100001111111111111111111111110000111111111111111111111111111100001111111111110000000000000000000000000000000000000000000000000000000000000000000
00000000000000000011110000000000001111111111111111111111111111111111111111111111111111111111111111111111111111111111111111111100001111111111111111111111110000111111111111111111111111111100001111111111110000000000000000000000000000000000000000000000000000000000000000000
00000000000000000011110000111111111111111111111111111111111111111111111111111111111111111111110000000011111111111111111111111111111111111111111111111111111111111111111111111111111111000000001111111100000000000000000000000000000000000000000000000000000000000000000000000
00000000000000000011110000111111111111111111111111111111111111111111111111111111111111111111110000000011111111111111111111111111111111111111111111111111111111111111111111111111111111000000001111111100000000000000000000000000000000000000000000000000000000000000000000000
00000000000000000011110000111111111111111111111111111111111111111111111111111111111111111111110000000011111111111111111111111111111111111111111111111111111111111111111111111111111111000000001111111100000000000000000000000000000000000000000000000000000000000000000000000
00000000000000000011110000111111111111111111111111111111111111111111111111111111111111111111110000000011111111111111111111111111111111111111111111111111111111111111111111111111111111000000001111111100000000000000000000000000000000000000000000000000000000000000000000000
00000000000000000011110000000011111111111111111111111111111111111111111111111111111111111111110000000011111111111111111111111111111111111111111111111111111111111111111111111111111111000000001111110000000000000000000000000000000000000000000000000000000000000000000000000
00000000000000000011110000000011111111111111111111111111111111111111111111111111111111111111110000000011111111111111111111111111111111111111111111111111111111111111111111111111111111000000001111110000000000000000000000000000000000000000000000000000000000000000000000000
00000000000000001111110000000011111111111111111111111111111111111111111111111111111111111111110000000011111111111111111111111111111111111111111111111111111111111111111111111111111111000000001111110000000000000000000000000000000000000000000000000000000000000000000000000
00000000000000001111110000000011111111111111111111111111111111111111111111111111111111111111110000000011111111111111111111111111111111111111111111111111111111111111111111111111111111000000001111110000000000000000000000000000000000000000000000000000000000000000000000000
00000000000000001111110000111111111111111111111111111111111111111111111111111111111111111111111111111111111111111111111111111111111111111111111111111111111111111111111111111111111111000011111111110000000000000000000000000000000000000000000000000000000000000000000000000
00000000000000001111110000111111111111111111111111111111111111111111111111111111111111111111111111111111111111111111111111111111111111111111111111111111111111111111111111111111111111000011111111110000000000000000000000000000000000000000000000000000000000000000000000000
00000000000011001111110000111111111111111111111111111111111111111111111111111111111111111111111111111111111111111111111111111111111111111111111111111111111111111111111111111111111111000011111111110000000000000000000000000000000000000000000000000000000000000000000000000
00000000000011001111110000111111111111111111111111111111111111111111111111111111111111111111111111111111111111111111111111111111111111111111111111111111111111111111111111111111111111000011111111110000000000000000000000000000000000000000000000000000000000000000000000000
00000000000000001111110000000011111111000011111111111111111111111111111111111111111111111111111111111111111111111111110000000000001111000011111111111111111111111111111111111111110000000011111111110000000000000000000000000000000000000000000000000000000000000000000000000
00000000000000001111110000000011111111000011111111111111111111111111111111111111111111111111111111111111111111111111110000000000001111000011111111111111111111111111111111111111110000000011111111110000000000000000000000000000000000000000000000000000000000000000000000000
00000000000000001111110000000011111111000011111111111111111111111111111111111111111111111111111111111111111111111111110000000000001111000011111111111111111111111111111111111111110000000011111111000000000000000000000000000000000000000000000000000000000000000000000000000
00000000000000001111110000000011111111000011111111111111111111111111111111111111111111111111111111111111111111111111110000000000001111000011111111111111111111111111111111111111110000000011111111000000000000000000000000000000000000000000000000000000000000000000000000000
00000000000000000011110000000011111111000011111111111111111111111111111111111111111111111111111111111111111111111111110000000011111111111111111111111111111111111111111111111111110000111111111100000000000000000000000000000000000000000000000000000000000000000000000000000
00000000000000000011110000000011111111000011111111111111111111111111111111111111111111111111111111111111111111111111110000000011111111111111111111111111111111111111111111111111110000111111111100000000000000000000000000000000000000000000000000000000000000000000000000000
00000000000000000011110000000011111111000011111111111111111111111111111111111111111111111111111111111111111111111111110000000011111111111111111111111111111111111111111111111111110000111111111100000000000000000000000000000000000000000000000000000000000000000000000000000
00000000000000000011110000000011111111000011111111111111111111111111111111111111111111111111111111111111111111111111110000000011111111111111111111111111111111111111111111111111110000111111111100000000000000000000000000000000000000000000000000000000000000000000000000000
00000000000000001111110000000011111111111111111111111100001111111111111111111111111111111111111111111111111111111111111111000011111111111111111111111111111111111111111111111100000000111111111100000000000000000000000000000000000000000000000000000000000000000000000000000
00000000000000001111110000000011111111111111111111111100001111111111111111111111111111111111111111111111111111111111111111000011111111111111111111111111111111111111111111111100000000111111111100000000000000000000000000000000000000000000000000000000000000000000000000000
00000000000000001111110000000011111111111111111111111100001111111111111111111111111111111111111111111111111111111111111111000011111111111111111111111111111111111111111111111100000000111111110000000000000000000000000000000000000000000000000000000000000000000000000000000
00000000000000001111110000000011111111111111111111111100001111111111111111111111111111111111111111111111111111111111111111000011111111111111111111111111111111111111111111111100000000111111110000000000000000000000000000000000000000000000000000000000000000000000000000000
00000000000000001111111111000011111111111111111111111111111111111111111111111111111111111111111111111111111111111111111111111111110000111111111111111111111111111111111111000000001111111111110000000000000000000000000000000000000000000000000000000000000000000000000000000
00000000000000001111111111000011111111111111111111111111111111111111111111111111111111111111111111111111111111111111111111111111110000111111111111111111111111111111111111000000001111111111110000000000000000000000000000000000000000000000000000000000000000000000000000000
00000000000000000011111111000011111111111111111111111111111111111111111111111111111111111111111111111111111111111111111111111111110000111111111111111111111111111111111111000000001111111111110000000000000000000000000000000000000000000000000000000000000000000000000000000
00000000000000000011111111000011111111111111111111111111111111111111111111111111111111111111111111111111111111111111111111111111110000111111111111111111111111111111111111000000001111111111110000000000000000000000000000000000000000000000000000000000000000000000000000000
00000000000000000011111111000000001111111111111111111111111111000000001111111111111111111111111111111111111111111111111111111111111111111111111111111111111111111111111111000000001111111111000000000000000000000000000000000000000000000000000000000000000000000000000000000
00000000000000000011111111000000001111111111111111111111111111000000001111111111111111111111111111111111111111111111111111111111111111111111111111111111111111111111111111000000001111111111000000000000000000000000000000000000000000000000000000000000000000000000000000000
00000000000000000011111111000000001111111111111111111111111111000000001111111111111111111111111111111111111111111111111111111111111111111111111111111111111111111111111111000000001111111100000000000000000000000000000000000000000000000000000000000000000000000000000000000
00000000000000000011111111000000001111111111111111111111111111000000001111111111111111111111111111111111111111111111111111111111111111111111111111111111111111111111111111000000001111111100000000000000000000000000000000000000000000000000000000000000000000000000000000000
00000000000000001111111111000000000000111111111111111111111111111111111111111111111111111111111111111111111111111111111111111111111111000011111111111111111111111111110000000011110000000000000000000000000000000000000000000000000000000000000000000000000000000000000000000
00000000000000001111111111000000000000111111111111111111111111111111111111111111111111111111111111111111111111111111111111111111111111000011111111111111111111111111110000000011110000000000000000000000000000000000000000000000000000000000000000000000000000000000000000000
00000000000000001111111111000000000000111111111111111111111111111111111111111111111111111111111111111111111111111111111111111111111111000011111111111111111111111111110000000011000000000000000000000000000000000000000000000000000000000000000000000000000000000000000000000
00000000000000001111111111000000000000111111111111111111111111111111111111111111111111111111111111111111111111111111111111111111111111000011111111111111111111111111110000000011000000000000000000000000000000000000000000000000000000000000000000000000000000000000000000000
00000000000000001111111111111100001111111111111111111111111111111111111111111111111111111111111111111111111111111111111111111111111111111111111111111111110000111100000000111100000000000000000000000000000000000000000000000000000000000000000000000000000000000000000000000
00000000000000001111111111111100001111111111111111111111111111111111111111111111111111111111111111111111111111111111111111111111111111111111111111111111110000111100000000111100000000000000000000000000000000000000000000000000000000000000000000000000000000000000000000000
00000000000000000000001111111100001111111111111111111111111111111111111111111111111111111111111111111111111111111111111111111111111111111111111111111111110000111100000000111100000000000000000000000000000000000000000000000000000000000000000000000000000000000000000000000
00000000000000000000001111111100001111111111111111111111111111111111111111111111111111111111111111111111111111111111111111111111111111111111111111111111110000111100000000111100000000000000000000000000000000000000000000000000000000000000000000000000000000000000000000000
00000000000000000000001111000000001111111111111111111111111111111111111111111111111111111111111111111100001111111111111111111111111111111111111111111111110000000000001111111100000000000000000000000000000000000000000000000000000000000000000000000000000000000000000000000
00000000000000000000001111000000001111111111111111111111111111111111111111111111111111111111111111111100001111111111111111111111111111111111111111111111110000000000001111111100000000000000000000000000000000000000000000000000000000000000000000000000000000000000000000000
00000000000000000011000011000000001111111111111111111111111111111111111111111111111111111111111111111100001111111111111111111111111111111111111111111111110000000000001111000000000000000000000000000000000000000000000000000000000000000000000000000000000000000000000000000
00000000000000000011000011000000001111111111111111111111111111111111111111111111111111111111111111111100001111111111111111111111111111111111111111111111110000000000001111000000000000000000000000000000000000000000000000000000000000000000000000000000000000000000000000000
00000000000000000000001111000000001111111111111111111111111111111111111111111111111111111111110000000000001111111111111111111111111111111111111111111111110000000011111111000000000000000000000000000000000000000000000000000000000000000000000000000000000000000000000000000
00000000000000000000001111000000001111111111111111111111111111111111111111111111111111111111110000000000001111111111111111111111111111111111111111111111110000000011111111000000000000000000000000000000000000000000000000000000000000000000000000000000000000000000000000000
00000000000000000000001111000000001111111111111111111111111111111111111111111111111111111111110000000000001111111111111111111111111111111111111111111111110000000011111111000000000000000000000000000000000000000000000000000000000000000000000000000000000000000000000000000
00000000000000000000001111000000001111111111111111111111111111111111111111111111111111111111110000000000001111111111111111111111111111111111111111111111110000000011111111000000000000000000000000000000000000000000000000000000000000000000000000000000000000000000000000000
00000000000000000011111111001100001111111111110000111111111111111111111111111111110000111111110000000011111111111111111111111111110000111111111111111111110000111100000000000000000000000000000000000000000000000000000000000000000000000000000000000000000000000000000000000
00000000000000000011111111001100001111111111110000111111111111111111111111111111110000111111110000000011111111111111111111111111110000111111111111111111110000111100000000000000000000000000000000000000000000000000000000000000000000000000000000000000000000000000000000000
00000000000000001111111111001100001111111111110000111111111111111111111111111111110000111111110000000011111111111111111111111111110000111111111111111111110000111111110000000000000000000000000000000000000000000000000000000000000000000000000000000000000000000000000000000
00000000000000001111111111001100001111111111110000111111111111111111111111111111110000111111110000000011111111111111111111111111110000111111111111111111110000111111110000000000000000000000000000000000000000000000000000000000000000000000000000000000000000000000000000000
00000000000000001111111111111100000000111111111111111111111111111111111111111111111111111111111111111111111111111111111111111100000000111111111111111100001111111111110000000000000000000000000000000000000000000000000000000000000000000000000000000000000000000000000000000
00000000000000001111111111111100000000111111111111111111111111111111111111111111111111111111111111111111111111111111111111111100000000111111111111111100001111111111110000000000000000000000000000000000000000000000000000000000000000000000000000000000000000000000000000000
00000000000000111111111111111100000000111111111111111111111111111111111111111111111111111111111111111111111111111111111111111100000000111111111111111100001111111111110000000000000000000000000000000000000000000000000000000000000000000000000000000000000000000000000000000
00000000000000111111111111111100000000111111111111111111111111111111111111111111111111111111111111111111111111111111111111111100000000111111111111111100001111111111110000000000000000000000000000000000000000000000000000000000000000000000000000000000000000000000000000000
00000000000000001100000000111100000000111111111111111111111111111111111111111111111111111111111111111111110000111111111111000000001111111111111111000000001111111111000000000000000000000000000000000000000000000000000000000000000000000000000000000000000000000000000000000
00000000000000001100000000111100000000111111111111111111111111111111111111111111111111111111111111111111110000111111111111000000001111111111111111000000001111111111000000000000000000000000000000000000000000000000000000000000000000000000000000000000000000000000000000000
00000000000000000000000000111100000000111111111111111111111111111111111111111111111111111111111111111111110000111111111111000000001111111111111111000000001111111100000000000000000000000000000000000000000000000000000000000000000000000000000000000000000000000000000000000
00000000000000000000000000111100000000111111111111111111111111111111111111111111111111111111111111111111110000111111111111000000001111111111111111000000001111111100000000000000000000000000000000000000000000000000000000000000000000000000000000000000000000000000000000000
00000000000000000000000000111100001111111111111111111111111111111111111111111111111111111111111111111111111111111111111111000000001111111111111111111100000000000000000000000000000000000000000000000000000000000000000000000000000000000000000000000000000000000000000000000
00000000000000000000000000111100001111111111111111111111111111111111111111111111111111111111111111111111111111111111111111000000001111111111111111111100000000000000000000000000000000000000000000000000000000000000000000000000000000000000000000000000000000000000000000000
00000000000000000000110011111100001111111111111111111111111111111111111111111111111111111111111111111111111111111111111111000000001111111111111111111100000000110000000000000000000000000000000000000000000000000000000000000000000000000000000000000000000000000000000000000
00000000000000000000110011111100001111111111111111111111111111111111111111111111111111111111111111111111111111111111111111000000001111111111111111111100000000110000000000000000000000000000000000000000000000000000000000000000000000000000000000000000000000000000000000000
00000000000000000000000011000000001111111111111111111111111111111111111111111111111111111111111111111111111111111111111111000000001111111111111111111111110000111100000000000000000000000000000000000000000000000000000000000000000000000000000000000000000000000000000000000
00000000000000000000000011000000001111111111111111111111111111111111111111111111111111111111111111111111111111111111111111000000001111111111111111111111110000111100000000000000000000000000000000000000000000000000000000000000000000000000000000000000000000000000000000000
00000000000000000000000011000000001111111111111111111111111111111111111111111111111111111111111111111111111111111111111111000000001111111111111111111111110000111111000000000000000000000000000000000000000000000000000000000000000000000000000000000000000000000000000000000
00000000000000000000000011000000001111111111111111111111111111111111111111111111111111111111111111111111111111111111111111000000001111111111111111111111110000111111000000000000000000000000000000000000000000000000000000000000000000000000000000000000000000000000000000000
00000000000000000000001111000000001111111111111111111111111111000011110000000000000000111111110000000000000000111111111111000000000000000011111111111100000000001111000000000000000000000000000000000000000000000000000000000000000000000000000000000000000000000000000000000
00000000000000000000001111000000001111111111111111111111111111000011110000000000000000111111110000000000000000111111111111000000000000000011111111111100000000001111000000000000000000000000000000000000000000000000000000000000000000000000000000000000000000000000000000000
00000000000000000000001111000000001111111111111111111111111111000011110000000000000000111111110000000000000000111111111111000000000000000011111111111100000000111111000000000000000000000000000000000000000000000000000000000000000000000000000000000000000000000000000000000
00000000000000000000001111000000001111111111111111111111111111000011110000000000000000111111110000000000000000111111111111000000000000000011111111111100000000111111000000000000000000000000000000000000000000000000000000000000000000000000000000000000000000000000000000000
00000000000000000000001111111100000000000011111111111111111111000000000000000011110000000000001111111111111111111100000000000011111111000000001111000000001111111100000000000000000000000000000000000000000000000000000000000000000000000000000000000000000000000000000000000
00000000000000000000001111111100000000000011111111111111111111000000000000000011110000000000001111111111111111111100000000000011111111000000001111000000001111111100000000000000000000000000000000000000000000000000000000000000000000000000000000000000000000000000000000000
00000000000000000000000011111100000000000011111111111111111111000000000000000011110000000000001111111111111111111100000000000011111111000000001111000000001111000000000000000000000000000000000000000000000000000000000000000000000000000000000000000000000000000000000000000
00000000000000000000000011111100000000000011111111111111111111000000000000000011110000000000001111111111111111111100000000000011111111000000001111000000001111000000000000000000000000000000000000000000000000000000000000000000000000000000000000000000000000000000000000000
00000000000000000011000011111111111111000011111111111111111111000000000000000011111111111100000000000000000000000000001111111100001111111100000000000011111100000000000000000000000000000000000000000000000000000000000000000000000000000000000000000000000000000000000000000
00000000000000000011000011111111111111000011111111111111111111000000000000000011111111111100000000000000000000000000001111111100001111111100000000000011111100000000000000000000000000000000000000000000000000000000000000000000000000000000000000000000000000000000000000000
00000000000000000000000011110000111111000011111111111111111111000000000000000011111111111100000000000000000000000000001111110000001111111100000000000011110000000000000000000000000000000000000000000000000000000000000000000000000000000000000000000000000000000000000000000
00000000000000000000000011110000111111000011111111111111111111000000000000000011111111111100000000000000000000000000001111110000001111111100000000000011110000000000000000000000000000000000000000000000000000000000000000000000000000000000000000000000000000000000000000000
00000000000000000000000000000000111111000011111111111111111111000000001111110000000011111111111111111111111111111111110000000000001111111111111111111111000000000000000000000000000000000000000000000000000000000000000000000000000000000000000000000000000000000000000000000
00000000000000000000000000000000111111000011111111111111111111000000001111110000000011111111111111111111111111111111110000000000001111111111111111111111000000000000000000000000000000000000000000000000000000000000000000000000000000000000000000000000000000000000000000000
00000000000000000000000000000000001111000011111111111111111111000000001111000000000000001111111100000000111111111100000000000011001111111111111111111100000000000000000000000000000000000000000000000000000000000000000000000000000000000000000000000000000000000000000000000
00000000000000000000000000000000001111000011111111111111111111000000001111000000000000001111111100000000111111111100000000000011001111111111111111111100000000000000000000000000000000000000000000000000000000000000000000000000000000000000000000000000000000000000000000000
00000000000000000000000000000000001111111111111111111111111111111111111100000000000000000000110000000000000011000000000000000000001111111111111111000000000000000000000000000000000000000000000000000000000000000000000000000000000000000000000000000000000000000000000000000
00000000000000000000000000000000001111111111111111111111111111111111111100000000000000000000110000000000000011000000000000000000001111111111111111000000000000000000000000000000000000000000000000000000000000000000000000000000000000000000000000000000000000000000000000000
00000000000000000000000000000000001111111111111111111111111111110011111100000000000000000000000000000000000000000000000000000000000000111111111100000000000000000000000000000000000000000000000000000000000000000000000000000000000000000000000000000000000000000000000000000
00000000000000000000000000000000001111111111111111111111111111110011111100000000000000000000000000000000000000000000000000000000000000111111111100000000000000000000000000000000000000000000000000000000000000000000000000000000000000000000000000000000000000000000000000000
00000000000000000000000000000000111111111111111111111111111100000000000000000000000000000000000000000000000000000000000000000000000000001111110000000000000000000000000000000000000000000000000000000000000000000000000000000000000000000000000000000000000000000000000000000
00000000000000000000000000000000111111111111111111111111111100000000000000000000000000000000000000000000000000000000000000000000000000001111110000000000000000000000000000000000000000000000000000000000000000000000000000000000000000000000000000000000000000000000000000000
00000000000000000000000000000000111111111111111111111111111100000000000000000000000000000000000000000000000000000000000000000000000000000000000000000000000000000000000000000000000000000000000000000000000000000000000000000000000000000000000000000000000000000000000000000
00000000000000000000000000000000111111111111111111111111111100000000000000000000000000000000000000000000000000000000000000000000000000000000000000000000000000000000000000000000000000000000000000000000000000000000000000000000000000000000000000000000000000000000000000000
00000000000000000000000000000000000011111111111111111111111100000000000000000000000000000000000000000000000000000000000000000000000000000000000000000000000000000000000000000000000000000000000000000000000000000000000000000000000000000000000000000000000000000000000000000
00000000000000000000000000000000000011111111111111111111111100000000000000000000000000000000000000000000000000000000000000000000000000000000000000000000000000000000000000000000000000000000000000000000000000000000000000000000000000000000000000000000000000000000000000000
00000000000000000000000000000000000000111111111111111111111100000000000000000000000000000000000000000000000000000000000000000000000000000000000000000000000000000000000000000000000000000000000000000000000000000000000000000000000000000000000000000000000000000000000000000
00000000000000000000000000000000000000111111111111111111111100000000000000000000000000000000000000000000000000000000000000000000000000000000000000000000000000000000000000000000000000000000000000000000000000000000000000000000000000000000000000000000000000000000000000000
00000000000000000000000000000000000000110000000000000000000000000000000000000000000000000000000000000000000000000000000000000000000000000000000000000000000000000000000000000000000000000000000000000000000000000000000000000000000000000000000000000000000000000000000000000
00000000000000000000000000000000000000110000000000000000000000000000000000000000000000000000000000000000000000000000000000000000000000000000000000000000000000000000000000000000000000000000000000000000000000000000000000000000000000000000000000000000000000000000000000000
