42
258
-116
118
0000000000000000000000000000000000000000000000000000000000000000000000000000000000000000000000000000000000000000000000000000000000000000000000000000000000000000000000000000000000000000000000000000000000000000000000000
0000000000000000000000000000000000000000000000000000000000000000000000000000000000000000000000000000000000000000000000000000000000000000000000000000000011110000000000000000000000000000000000000000000000000000000000000
0000000000000000000000000000000000000000000000000000000000000000000000000000000000000000000000000000000000000000000000000000000000000000000000000000000011110000000000000000000000000000000000000000000000000000000000000
0000000000000000000000000000000000000000000000000000000000000000000000000000000000000000000000000000000000000000111100000011110000000000000000000000000011110000000000000000000000000000000000000000000000000000000000000
0000000000000000000000000000000000000000000000000000000000000000000000000000000000000000000000000000000000000000111100000011110000000000000000000000000011110000000000000000000000000000000000000000000000000000000000000
0000000000000000000000000000000000000000000000000000000000000000000000000000000000000000000000000000000000000000111100000011110000000000111100000000000000000000000000000000000000000000000000000000000000000000000000000
0000000000000000000000000000000000000000000000000000000000000000000000000000000000000000000000000000000000000000111100000011110000000000111100000000000000000000000000000000000000000000000000000000000000000000000000000
0000000000000000000000000000000000000000000000000000000000000000000000000000000000000000000000000000000000000000000000000000000000000011111111111111111100000000001111111111000000000000000000000000000000000000000000000
0000000000000000000000000000000000000000000000000000000000000000000000000000000000000000000000000000000000000000000000000000000000000011111111111111111100000000001111111111000000000000000000000000000000000000000000000
0000000000000000000000000000000000000000000000000000000000000000000000000000000000000000000000000000000000000000000000000000000000001111111111111111111111111100111111111111000000000000000000000000000000000000000000000
0000000000000000000000000000000000000000000000000000000000000000000000000000000000000000000000000000000000000000000000000000000000001111111111111111111111111100111111111111000000000000000000000000000000000000000000000
0000000000000000000000000000000000000000000000000000000000000000000000000000000000000000000000000000000000000000000011111111000000111111111111111111111111111100111111111100000000000000000000000000000000000000000000000
0000000000000000000000000000000000000000000000000000000000000000000000000000000000000000000000000000000000000000000011111111000000111111111111111111111111111100111111111100000000000000000000000000000000000000000000000
0000000000000000000000000000000000000000000000000000000000000000000000000000000000000000000000000000000000000000000011111111000011111111110000111111111111000011111111111100111100000000000000000000000000000000000000000
0000000000000000000000000000000000000000000000000000000000000000000000000000000000000000000000000000000000000000000011111111000011111111110000111111111111000011111111111100111100000000000000000000000000000000000000000
0000000000000000000000000000000000000000000000000000000000000000000000000000000000000000000000000000001111110011111111111111001111111111001111111111110000001111111111111111111111111100000000000000000000000000000000000
0000000000000000000000000000000000000000000000000000000000000000000000000000000000000000000000000000001111110011111111111111001111111111001111111111110000001111111111111111111111111100000000000000000000000000000000000
0000000000000000000000000000000000000000000000000000000000000000000000000000000000000000000000000000001111111111111111111111111111111111111111111111110000111111111111111111111111111111111100000000000000000000000000000
0000000000000000000000000000000000000000000000000000000000000000000000000000000000000000000000000000001111111111111111111111111111111111111111111111110000111111111111111111111111111111111100000000000000000000000000000
0000000000000000000000000000000000000000000000000000000000000000000000000000000000000000000000000000111111111111111111000011110000000000001111111111110000000011110000111111111111111111110000000000000000000000000000000
0000000000000000000000000000000000000000000000000000000000000000000000000000000000000000000000000000111111111111111111000011110000000000001111111111110000000011110000111111111111111111110000000000000000000000000000000
0000000000000000000000000000000000000000000000000000000000000000000000000000000000000000000000111111111100111111111111000011110000000000001111111111110000000011110000111111111111111111111111110000000000000000000000000
0000000000000000000000000000000000000000000000000000000000000000000000000000000000000000000000111111111100111111111111000011110000000000001111111111110000000011110000111111111111111111111111110000000000000000000000000
0000000000000000000000000000000000000000000000000000000000000000000000000000000000001100000011111100000000111100000000000000000000000000001111111111110000000000000000111100001111111111111111110000000000000000000000000
0000000000000000000000000000000000000000000000000000000000000000000000000000000000001100000011111100000000111100000000000000000000000000001111111111110000000000000000111100001111111111111111110000000000000000000000000
0000000000000000000000000000000000000000000000000000000000000000000000000000000000000000001111111100000000111100000000000000000000000000001111111111110000000000000000111100001111111111111111110000000000000000000000000
0000000000000000000000000000000000000000000000000000000000000000000000000000000000000000001111111100000000111100000000000000000000000000001111111111110000000000000000111100001111111111111111110000000000000000000000000
0000000000000000000000000000000000000000000000000000000000000000000000000000000000000000111111111100000000000000000000000000000000000011111111111111110000000000000000000000000000000000001111110000000000000000000000000
0000000000000000000000000000000000000000000000000000000000000000000000000000000000000000111111111100000000000000000000000000000000000011111111111111110000000000000000000000000000000000001111110000000000000000000000000
0000000000000000000000000000000000000000000000000000000000000000000000000000000000000011111111111100000000000000000000000000000000000011111111111111110000000000000000000000000000000000001111110000000000000000000000000
0000000000000000000000000000000000000000000000000000000000000000000000000000000000000011111111111100000000000000000000000000000000000011111111111111110000000000000000000000000000000000001111110000000000000000000000000
0000000000000000000000000000000000000000000000000000000000000000000000000000000000000000000000000000000000000000000000000000000000111111111111111100000000000000000000000000000000000000000000111111110000000000000000000
0000000000000000000000000000000000000000000000000000000000000000000000000000000000000000000000000000000000000000000000000000000000111111111111111100000000000000000000000000000000000000000000111111110000000000000000000
0000000000000000000000000000000000000000000000000000000000000000000000000000000000000000000000000000000000000000000000000000000000111111111111111100000000000000000000000000000000000000000000111111110000000000000000000
0000000000000000000000000000000000000000000000000000000000000000000000000000000000000000000000000000000000000000000000000000000000111111111111111100000000000000000000000000000000000000000000111111110000000000000000000
0000000000000000000000000000000000000000000000000000000000000000000000000000000000000000000000000000000000111100000000000000001111111111111111111100000000111111111111111111110000000000000000111111000000000000000000000
0000000000000000000000000000000000000000000000000000000000000000000000000000000000000000000000000000000000111100000000000000001111111111111111111100000000111111111111111111110000000000000000111111000000000000000000000
0000000000000000000000000000000000000000000000000000000000000000000000000000000000000000000000000000000000111100000000000000001111111111111111111100000000111111111111111111110000000000000000111111000000000000000000000
0000000000000000000000000000000000000000000000000000000000000000000000000000000000000000000000000000000000111100000000000000001111111111111111111100000000111111111111111111110000000000000000111111000000000000000000000
0000000000000000000000000000000000000000000000000000000000000000000000000000001111000000001111000011111111111111111111111111111111111111111111000000001111111111111111111111111111000000000000111111111100000000000000000
0000000000000000000000000000000000000000000000000000000000000000000000000000001111000000001111000011111111111111111111111111111111111111111111000000001111111111111111111111111111000000000000111111111100000000000000000
0000000000000000000000000000000000000000000000000000000000000000000000000000111111000000001111000011111111111111111111111111111111111111111111000000001111111111111111111111111111000000000000111111111100000000000000000
0000000000000000000000000000000000000000000000000000000000000000000000000000111111000000001111000011111111111111111111111111111111111111111111000000001111111111111111111111111111000000000000111111111100000000000000000
0000000000000000000000000000000000000000000000000000000000000000000000001111110000111100001111111111111111111111111111111111111111111111111111111111111111111111111111111111111111000000000000111111111100000000000000000
0000000000000000000000000000000000000000000000000000000000000000000000001111110000111100001111111111111111111111111111111111111111111111111111111111111111111111111111111111111111000000000000111111111100000000000000000
0000000000000000000000000000000000000000000000000000000000000000000000001111110000111100001111111111111111111111111111111111111111111111111111111111111111111111111111111111111111000000000000111111111100000000000000000
0000000000000000000000000000000000000000000000000000000000000000000000001111110000111100001111111111111111111111111111111111111111111111111111111111111111111111111111111111111111000000000000111111111100000000000000000
0000000000000000000000000000000000000000000000000000000000000000000000001111110000000011111111111111111111111111111111111111111111111111111111111111111111111111111111111111111111000000000000000011111100000000000000000
0000000000000000000000000000000000000000000000000000000000000000000000001111110000000011111111111111111111111111111111111111111111111111111111111111111111111111111111111111111111000000000000000011111100000000000000000
0000000000000000000000000000000000000000000000000000000000000000111100001111110000000011111111111111111111111111111111111111111111111111111111111111111111111111111111111111111111000000000000000011111100000000000000000
0000000000000000000000000000000000000000000000000000000000000000111100001111110000000011111111111111111111111111111111111111111111111111111111111111111111111111111111111111111111000000000000000011111100000000000000000
0000000000000000000000000000000000000000000000000000000000000000111100001111110000000011111111111111111111111111111111111111111111111111111111111111111111111111111111111111111111000000000000000011111100000000000000000
0000000000000000000000000000000000000000000000000000000000000000111100001111110000000011111111111111111111111111111111111111111111111111111111111111111111111111111111111111111111000000000000000011111100000000000000000
0000000000000000000000000000000000000000000000000000000000000000000000001111110000000011111111111111111111111111111111111111111111111111111111111111111111111111111111111111111111000000000000000011111111110000000000000
0000000000000000000000000000000000000000000000000000000000000000000000001111110000000011111111111111111111111111111111111111111111111111111111111111111111111111111111111111111111000000000000000011111111110000000000000
0000000000000000000000000000000000000000000000000000000000000000000000001111110000000011111111111111111111111111111111111111111111111111111111111111111111111111111111111111110000111100000000000011111111110000000000000
0000000000000000000000000000000000000000000000000000000000000000000000001111110000000011111111111111111111111111111111111111111111111111111111111111111111111111111111111111110000111100000000000011111111110000000000000
0000000000000000000000000000000000000000000000000000000000000000001111001111110000000011111111111111111111111111111111111111111111111111111111111111111111111111111111111111110000111100000000000011111111111111000000000
0000000000000000000000000000000000000000000000000000000000000000001111001111110000000011111111111111111111111111111111111111111111111111111111111111111111111111111111111111110000111100000000000011111111111111000000000
0000000000000000000000000000000000000000000000000000000000000011111111111111110000000000001111111111111111111111111111111111111111111111111111111111111111000000001111111111111111111100000000000000001111111111000000000
0000000000000000000000000000000000000000000000000000000000000011111111111111110000000000001111111111111111111111111111111111111111111111111111111111111111000000001111111111111111111100000000000000001111111111000000000
0000000000000000000000000000000000000000000000000000000011111111111111111111110000000000001111111111111111111111111111111111111111111111111111111111111111000000001111111111111111111100000000000000001111111111111100000
0000000000000000000000000000000000000000000000000000000011111111111111111111110000000000001111111111111111111111111111111111111111111111111111111111111111000000001111111111111111111100000000000000001111111111111100000
0000000000000000000000000000000000000000000000000000000011111111111111111100000000000000001111111111111111111111111111111111111111111111111111111111110000000011111111111111111111111100000000111100000000111111111111000
0000000000000000000000000000000000000000000000000000000011111111111111111100000000000000001111111111111111111111111111111111111111111111111111111111110000000011111111111111111111111100000000111100000000111111111111000
0000000000000000000000000000000000000000000000000000000011111111111111111100000000000000001111111111111111111111111111111111111111111111111111111111110000000011111111111111111111111100000000111100000000111111111111000
0000000000000000000000000000000000000000000000000000000011111111111111111100000000000000001111111111111111111111111111111111111111111111111111111111110000000011111111111111111111111100000000111100000000111111111111000
0000000000000000000000000000000000000000000011111111001111111100001111000000000000000000000000111111111111111111111111111111111111111111111111111111110000111111111111111111111111111100000000000000000000000011111100000
0000000000000000000000000000000000000000000011111111001111111100001111000000000000000000000000111111111111111111111111111111111111111111111111111111110000111111111111111111111111111100000000000000000000000011111100000
0000000000000000000000000000000000000000000011111111111111111100001111000000000000000000000000111111111111111111111111111111111111111111111111111111110000111111111111111111111111111100000000000000000000000011110000000
0000000000000000000000000000000000000000000011111111111111111100001111000000000000000000000000111111111111111111111111111111111111111111111111111111110000111111111111111111111111111100000000000000000000000011110000000
0000000000000000000000000000000000000000000011111111110000000000000000000000000000111100000000000011111111111111111111111111111111111111111111111111111111111111111111111111111111111111110000000000000000000000000000000
0000000000000000000000000000000000000000000011111111110000000000000000000000000000111100000000000011111111111111111111111111111111111111111111111111111111111111111111111111111111111111110000000000000000000000000000000
0000000000000000000000000000000000000000000011111111110000000000000000000000000000111100000000000011111111111111111111111111111111111111111111111111111111111111111111111111111111111111110000000000000000000000000000000
0000000000000000000000000000000000000000000011111111110000000000000000000000000000111100000000000011111111111111111111111111111111111111111111111111111111111111111111111111111111111111110000000000000000000000000000000
0000000000000000000000000000000000000000000000000011110000000000000000000000000000000000000000000000001111111111111111111111000000111111111111111111111111111111111111111111111111111111111111111111110000000000000000000
0000000000000000000000000000000000000000000000000011110000000000000000000000000000000000000000000000001111111111111111111111000000111111111111111111111111111111111111111111111111111111111111111111110000000000000000000
0000000000000000000000000000000000000000110000000011110000000000000000000000000000000000000000000000001111111111111111111100000000111111111111111111111111111111111111111111111111111111111111111111110000000000000000000
0000000000000000000000000000000000000000110000000011110000000000000000000000000000000000000000000000001111111111111111111100000000111111111111111111111111111111111111111111111111111111111111111111110000000000000000000
0000000000000000000000000000000000000011111111000000000000111100001111000000000000000000000000111100000000111111111111111100000000111111111111111111111111111111110000111111111111111111111111111111110000000000000000000
0000000000000000000000000000000000000011111111000000000000111100001111000000000000000000000000111100000000111111111111111100000000111111111111111111111111111111110000111111111111111111111111111111110000000000000000000
0000000000000000000000000000000011111111111111000000000000111100001111000000000000000000000000111100000000111111111111111100000000111111111111111111111111111111110000111111111111111111111111111111110000000000000000110
0000000000000000000000000000000011111111111111000000000000111100001111000000000000000000000000111100000000111111111111111100000000111111111111111111111111111111110000111111111111111111111111111111110000000000000000110
0000000000000000000000000000000000000011110000000000001111111111111111111111110000000000000000111100001111111111111111111111111111111111111111111111111111111100001111111111111111111111111111111111110000000000000000110
0000000000000000000000000000000000000011110000000000001111111111111111111111110000000000000000111100001111111111111111111111111111111111111111111111111111111100001111111111111111111111111111111111110000000000000000110
0000000000000000000000000000001111000011110000000000001111111111111111111111110000000000000000111100001111111111111111111111111111111111111111111111111111111100001111111111111111111111111111111111110000000000000000110
0000000000000000000000000000001111000011110000000000001111111111111111111111110000000000000000111100001111111111111111111111111111111111111111111111111111111100001111111111111111111111111111111111110000000000000000110
0000000000000000111111000011111111111100000000000011111111111111111111111111110000000000000000000000001111111111111111111111111111111111111111111111111111111111111111111111111111111111111111111100000000000000000000000
0000000000000000111111000011111111111100000000000011111111111111111111111111110000000000000000000000001111111111111111111111111111111111111111111111111111111111111111111111111111111111111111111100000000000000000000000
0000000000000000111111000011111111111100000000000011111111111111111111111111110000000000000000000000001111111111111111111111111111111111111111111111111111111111111111111111111111111111111111111100000000000000000000000
0000000000000000111111000011111111111100000000000011111111111111111111111111110000000000000000000000001111111111111111111111111111111111111111111111111111111111111111111111111111111111111111111100000000000000000000000
0000000000000000000000000000001111000000001111111111111111111111111111111111111111000000000000000000000000111111111111111111111111111111111111111111111111111111111111110000111111111111111111111111110000000000000000000
0000000000000000000000000000001111000000001111111111111111111111111111111111111111000000000000000000000000111111111111111111111111111111111111111111111111111111111111110000111111111111111111111111110000000000000000000
0000000000000000000000000000001111000000001111111111111111111111111111111111111111000000000000000000000000111111111111111111111111111111111111111111111111111111111111000000001111111111111111111111110000000000000000000
0000000000000000000000000000001111000000001111111111111111111111111111111111111111000000000000000000000000111111111111111111111111111111111111111111111111111111111111000000001111111111111111111111110000000000000000000
0000000000000000000000000011110000000011111111111111111111111111111111111111111111111100001111000000001111111111111111111111111111111111111111111100001111111111111100000000001111111111111111111111110000000000000000000
0000000000000000000000000011110000000011111111111111111111111111111111111111111111111100001111000000001111111111111111111111111111111111111111111100001111111111111100000000001111111111111111111111110000000000000000000
0000000000000000001111111111110000000011111111111111111111111111111111111111111111111100001111000000001111111111111111111111111111111111111111111100001111111111110000000000111111111111111111111111110000000000000000000
0000000000000000001111111111110000000011111111111111111111111111111111111111111111111100001111000000001111111111111111111111111111111111111111111100001111111111110000000000111111111111111111111111110000000000000000000
0000000000000000111111000011110000000000001111111111111111111111111111111111111111000000000000000000001111111111111111111111111111111111111111111111111111111111110000000011111111111111111111111100000000000000000000000
0000000000000000111111000011110000000000001111111111111111111111111111111111111111000000000000000000001111111111111111111111111111111111111111111111111111111111110000000011111111111111111111111100000000000000000000000
0000000000001111111111000011110000000000001111111111111111111111111111111111111111000000000000000000001111111111111111111111111111111111111111111111111111111111111111111111111111111111111111111100000000000000000000000
0000000000001111111111000011110000000000001111111111111111111111111111111111111111000000000000000000001111111111111111111111111111111111111111111111111111111111111111111111111111111111111111111100000000000000000000000
0000000000111111111111111111110000111100000000111111111111111111111111111111111111000000000000000000000000111111111111111111111111111111111111111111111111111111111111111111111111111111111111111100000000000000000000000
0000000000111111111111111111110000111100000000111111111111111111111111111111111111000000000000000000000000111111111111111111111111111111111111111111111111111111111111111111111111111111111111111100000000000000000000000
0000000000111111111111111111110000111100000000111111111111111111111111111111111111000000000000000000000000111111111111111111111111111111111111111111111111111111111111001111111111111111111111111100000000000000000000000
0000000000111111111111111111110000111100000000111111111111111111111111111111111111000000000000000000000000111111111111111111111111111111111111111111111111111111111111001111111111111111111111111100000000000000000000000
0000000000000000000000000000000000000000000000111111111111111111111111111111111111000000001111000000001111111111111111111111111111111111111111111111111111111111111111111111111111111111111111000000000000000000000000000
0000000000000000000000000000000000000000000000111111111111111111111111111111111111000000001111000000001111111111111111111111111111111111111111111111111111111111111111111111111111111111111111000000000000000000000000000
0000000000000000000000000000000000000000000000111111111111111111111111111111111111000000001111000000001111111111111111111111111111111111111111111111111111111111111111111111111111111111111111000000000000000000000000000
0000000000000000000000000000000000000000000000111111111111111111111111111111111111000000001111000000001111111111111111111111111111111111111111111111111111111111111111111111111111111111111111000000000000000000000000000
0000001111000000000000000000000000000000000000111111111111111111111111111111111111000000000000111111111111111111110000111111111111111111111111111111111111111111111111111111111111111111111111000000000000000000000000000
0000001111000000000000000000000000000000000000111111111111111111111111111111111111000000000000111111111111111111110000111111111111111111111111111111111111111111111111111111111111111111111111000000000000000000000000000
0000001111000000000000000000000000000000000000111111111111111111111111111111111111000000000000111111111111111111110000111111111111111111111111111111111111111111111111111111111111111111111111000000000000000000000000000
0000001111000000000000000000000000000000000000111111111111111111111111111111111111000000000000111111111111111111110000111111111111111111111111111111111111111111111111111111111111111111111111000000000000000000000000000
0000001111000000000000000000000000000000000000111111111111111111111111111111110000000000000000000011111111111111110000000011111111111111111111111111111111111111111111111111111111111111110000000000000000000000000000110
0000001111000000000000000000000000000000000000111111111111111111111111111111110000000000000000000011111111111111110000000011111111111111111111111111111111111111111111111111111111111111110000000000000000000000000000110
0000001111000000000000000000000000000000000000111111111111111111111111111111110000000000000000000011111111111111110000000011111111111111111111111111111111111111111111111111111111111111110000000000000000000000000000110
0000001111000000000000000000000000000000000000111111111111111111111111111111110000000000000000000011111111111111110000000011111111111111111111111111111111111111111111111111111111111111110000000000000000000000000000110
0000001111000000000000000000000000000000000000111111111111111111111111111111111111000000000000000011111111111100000000000011111111111111111111111111111111000011111111111111111111111111111111000000000000000000001111110
0000001111000000000000000000000000000000000000111111111111111111111111111111111111000000000000000011111111111100000000000011111111111111111111111111111111000011111111111111111111111111111111000000000000000000001111110
0000001111000000000000000000000000000000000000111111111111111111111111111111111111000000000000000011111111111100000000000011111111111111111111111111111111000011111111111111111111111111111111000000000000000000001111110
0000001111000000000000000000000000000000000000111111111111111111111111111111111111000000000000000011111111111100000000000011111111111111111111111111111111000011111111111111111111111111111111000000000000000000001111110
0000001111111111111111111111111111000011111111111111111111111111111111111111111111000000000000111111111111111100000000000000000000000011111111111111110000000000001111111111111111111111111111000000000000000011111111110
0000001111111111111111111111111111000011111111111111111111111111111111111111111111000000000000111111111111111100000000000000000000000011111111111111110000000000001111111111111111111111111111000000000000000011111111110
0000001111111111111111111111111111000011111111111111111111111111111111111111111111000000000000111111111111111100000000000000000000000011111111111111110000000000001111111111111111111111111111000000000000000011110000000
0000001111111111111111111111111111000011111111111111111111111111111111111111111111000000000000111111111111111100000000000000000000000011111111111111110000000000001111111111111111111111111111000000000000000011110000000
0000001111111111111111111111111111111111111111111111111111111111111111111111111111111111111111111111111111111100000000000011110000111111111111111111110000000000001111111100000000000000000000000000000000000011110000000
0000001111111111111111111111111111111111111111111111111111111111111111111111111111111111111111111111111111111100000000000011110000111111111111111111110000000000001111111100000000000000000000000000000000000011110000000
0000001111111111111111111111111111111111111111111111111111111111111111111111111111111111111111111111111111111100000000000011110000111111111111111111110000000000001111111100000000000000000000000000000000000011110000000
0000001111111111111111111111111111111111111111111111111111111111111111111111111111111111111111111111111111111100000000000011110000111111111111111111110000000000001111111100000000000000000000000000000000000011110000000
0000001111111111111111111111111111111111111111111111111111111111111111111111111111111111111111111111111111111111110000000000001111000011111111111111110000000000000000111100000000000000000000000000000000111111000000000
0000001111111111111111111111111111111111111111111111111111111111111111111111111111111111111111111111111111111111110000000000001111000011111111111111110000000000000000111100000000000000000000000000000000111111000000000
0000001111111111111111111111111111111111111111111111111111111111111111111111111111111111111111111111111111111111110000000000001111000011111111111111110000000000000000111100000000000000000000000000000000111111000000000
0000001111111111111111111111111111111111111111111111111111111111111111111111111111111111111111111111111111111111110000000000001111000011111111111111110000000000000000111100000000000000000000000000000000111111000000000
0000001111111111111111111111111111111111111111111111111111111111111111111111111111111111111111111111111111111111110000000000000000000011111111111111110000000000000000111111110000000011111111111111111111000000000000000
0000001111111111111111111111111111111111111111111111111111111111111111111111111111111111111111111111111111111111110000000000000000000011111111111111110000000000000000111111110000000011111111111111111111000000000000000
0000001111111111111111111111111111111111111111111111111111111111111111111111111111111111111111111111111111111111110000000000000000000011111111111111110000000000000000111111110000000011000011111111001111111100000000000
0000001111111111111111111111111111111111111111111111111111111111111111111111111111111111111111111111111111111111110000000000000000000011111111111111110000000000000000111111110000000011000011111111001111111100000000000
0000001111000000000000111111111111111111111111111111111111111111111111111111111111111111111111111111111111111111111111111100000000111111111111111111110000000000000000111111111111000000000000000000111111111100000000000
0000001111000000000000111111111111111111111111111111111111111111111111111111111111111111111111111111111111111111111111111100000000111111111111111111110000000000000000111111111111000000000000000000111111111100000000000
0000001111000000000000111111111111111111111111111111111111111111111111111111111111111111111111111111111111111111111111111100000000111111111111111111110000000000000000111111111111000000000000000000111111111100000000000
0000001111000000000000111111111111111111111111111111111111111111111111111111111111111111111111111111111111111111111111111100000000111111111111111111110000000000000000111111111111000000000000000000111111111100000000000
0000001111000000000000111111111111111111111111111111111111111111111111111111111111111111111111111111111111111111111111111111111111111111111111111111110000000000000000111111111111000000000000000000111111110000000000000
0000001111000000000000111111111111111111111111111111111111111111111111111111111111111111111111111111111111111111111111111111111111111111111111111111110000000000000000111111111111000000000000000000111111110000000000000
0000001111000000000000111111111111111111111111111111111111111111111111111111111111111111111111111111111111111111111111111111111111111111111111111111110000000000000000111111111111110000000000000000000000000000000000000
0000001111000000000000111111111111111111111111111111111111111111111111111111111111111111111111111111111111111111111111111111111111111111111111111111110000000000000000111111111111110000000000000000000000000000000000000
0000001111000011110000000011111111111111111111111111111111111111111111111111111111111111111111111111111111111111111111111111111111111111111111111111111111000000000000111111111111111111000000000000000000000000000000000
0000001111000011110000000011111111111111111111111111111111111111111111111111111111111111111111111111111111111111111111111111111111111111111111111111111111000000000000111111111111111111000000000000000000000000000000000
0000001111000011110000000011111111111111111111111111111111111111111111111111111111111111111111111111111111111111111111111111111111111111111111111111111111000000000000111111111111111111110000000000000000000000000000000
0000001111000011110000000011111111111111111111111111111111111111111111111111111111111111111111111111111111111111111111111111111111111111111111111111111111000000000000111111111111111111110000000000000000000000000000000
0000001111000000001111111111111111111111111111111111111111111111111111111111111111111111111111111111111111111111111111111111111111111111111111111111111111000000000000111111111111111111110000000000000000000000000000000
0000001111000000001111111111111111111111111111111111111111111111111111111111111111111111111111111111111111111111111111111111111111111111111111111111111111000000000000111111111111111111110000000000000000000000000000000
0000001111000000001111111111111111111111111111111111111111111111111111111111111111111111111111111111111111111111111111111111111111111111111111111111111111000000000000111111111111111111110000000000000000000000000000000
0000001111000000001111111111111111111111111111111111111111111111111111111111111111111111111111111111111111111111111111111111111111111111111111111111111111000000000000111111111111111111110000000000000000000000000000000
0000000000000000001111111111111111111111111111111111111111111111111111111111111111000011110000000000001111111111111111111111111111111111111111111111111111111100000000000011111111000011110011000000000000000000000000000
0000000000000000001111111111111111111111111111111111111111111111111111111111111111000011110000000000001111111111111111111111111111111111111111111111111111111100000000000011111111000011110011000000000000000000000000000
0000110000000000001111111111111111111111111111111111111111111111111111111111111111000011110000000000001111111111111111111111111111111111111111111111111111111100000000000011111111000011111111000000000000000000000000000
0000110000000000001111111111111111111111111111111111111111111111111111111111111111000011110000000000001111111111111111111111111111111111111111111111111111111100000000000011111111000011111111000000000000000000000000000
1111111111000000000000111111111111111111111111111111111100000011111111111111111111000000000000111111111111111111111111111111111111111111111111111111111111111100000000000000001111111111111111111100000000000000000000000
1111111111000000000000111111111111111111111111111111111100000011111111111111111111000000000000111111111111111111111111111111111111111111111111111111111111111100000000000000001111111111111111111100000000000000000000000
1111111111000000000000111111111111111111111111111111111100000000111111111111111111000000000000111111111111111111111111111111111111111111111111111111111111111100000000000000001111111111111111110000000000000000000000000
1111111111000000000000111111111111111111111111111111111100000000111111111111111111000000000000111111111111111111111111111111111111111111111111111111111111111100000000000000001111111111111111110000000000000000000000000
0011111111000000000000000000001111111111111111111111111100000000111111111111110000000000000000111111111111111111111111111111111111111111111111111111111111111100000000000000000000000011110000110000000000000000000000000
0011111111000000000000000000001111111111111111111111111100000000111111111111110000000000000000111111111111111111111111111111111111111111111111111111111111111100000000000000000000000011110000110000000000000000000000000
0011111111000000000000000000001111111111111111111111111111000011111111111111110000000000000000111111111111111111111111111111111111111111111111111111111111111100000000000000000000000011110000000000000000000000000000000
0011111111000000000000000000001111111111111111111111111111000011111111111111110000000000000000111111111111111111111111111111111111111111111111111111111111111100000000000000000000000011110000000000000000000000000000000
0000000011000011110000000000001111111111111111111111111111111111111111111111111111000000001111111111111111111111111111111111111111111111111111111111111111000000000000000000000000000000000000000000000000000000000000000
0000000011000011110000000000001111111111111111111111111111111111111111111111111111000000001111111111111111111111111111111111111111111111111111111111111111000000000000000000000000000000000000000000000000000000000000000
0000111111000011110000000000001111111111111111111111111111111111111111111111111111000000001111111111111111111111111111111111111111111111111111111111111111000000000000000000000000000000000000000000000000000000000000000
0000111111000011110000000000001111111111111111111111111111111111111111111111111111000000001111111111111111111111111111111111111111111111111111111111111111000000000000000000000000000000000000000000000000000000000000000
0000111111000011111111000000001111111111111111111111111111111111111111111111110000000000001111111111111111111111111111111111111111111111111111111111111111000011111111111111110000000000000000000000000000000000000000000
0000111111000011111111000000001111111111111111111111111111111111111111111111110000000000001111111111111111111111111111111111111111111111111111111111111111000011111111111111110000000000000000000000000000000000000000000
0000111111000011111111000000001111111111111111111111111111111111111111111111110000000000001111111111111111111111111111111111111111111111111111111111111111000011111111111111110000000000000000111100000000000000000000000
0000111111000011111111000000001111111111111111111111111111111111111111111111110000000000001111111111111111111111111111111111111111111111111111111111111111000011111111111111110000000000000000111100000000000000000000000
0000000011000011110000000000001111111111111111111111111111111111111111111111111111000011111111111111111111111111111111111111111111111111111111111111111111111111111111111111111111000000000000111100000000000000000000000
0000000011000011110000000000001111111111111111111111111111111111111111111111111111000011111111111111111111111111111111111111111111111111111111111111111111111111111111111111111111000000000000111100000000000000000000000
0000001111000011110000000000001111111111111111111111111111111111111111111111111111000011111111111111111111111111111111111111111111111111111111111111111111111111111111111111111111000000000000111100000000000000000000000
0000001111000011110000000000001111111111111111111111111111111111111111111111111111000011111111111111111111111111111111111111111111111111111111111111111111111111111111111111111111000000000000111100000000000000000000000
0000001111000000000000000000000000111100001111111111111111111100000000111111110000000000000000111111111111111111111111111111111111111111111111111111111111111111111111111111110000000000000011111100000000000000000000000
0000001111000000000000000000000000111100001111111111111111111100000000111111110000000000000000111111111111111111111111111111111111111111111111111111111111111111111111111111110000000000000011111100000000000000000000000
0000001111000000000000000000000000111100001111111111111111111100000000111111110000000000000000111111111111111111111111111111111111111111111111111111111111111111111111111111110000000000001111111100000000000000000000000
0000001111000000000000000000000000111100001111111111111111111100000000111111110000000000000000111111111111111111111111111111111111111111111111111111111111111111111111111111110000000000001111111100000000000000000000000
0000000011111100000000000000000000000000000000000000001111111100000000000011110000000000000000000011111111111111111111111111111111111111111111111111111111111111111111111100000000000000001111110000000000000000000000000
0000000011111100000000000000000000000000000000000000001111111100000000000011110000000000000000000011111111111111111111111111111111111111111111111111111111111111111111111100000000000000001111110000000000000000000000000
0000001111111100000000000000000000000000000000000000001111111100000000000011110000000000000000000011111111111111111111111111111111111111111111111111111111111111111111111100000000000000001100000000000000000000000000000
0000001111111100000000000000000000000000000000000000001111111100000000000011110000000000000000000011111111111111111111111111111111111111111111111111111111111111111111111100000000000000001100000000000000000000000000000
0000001111111111110000111100000000000000000000111100000000111111110000000000000000000000000000000011111111111111111111111111111111111111111111111111111111111111111111111100000000000000001100000000000000000000000000000
0000001111111111110000111100000000000000000000111100000000111111110000000000000000000000000000000011111111111111111111111111111111111111111111111111111111111111111111111100000000000000001100000000000000000000000000000
0000111111111111110000111100000000000000000000111100000000111111110000000000000000000000000000000011111111111111111111111111111111111111111111111111111111111111111111111100000000000000001100000000000000000000000000000
0000111111111111110000111100000000000000000000111100000000111111110000000000000000000000000000000011111111111111111111111111111111111111111111111111111111111111111111111100000000000000001100000000000000000000000000000
0000111111111111110000111100000000000000001111000000000000111100001111000000001111000000000000000011111111111111111111111111111111111111111111111111111111111111111111000000000000001111111100000000000000000000000000000
0000111111111111110000111100000000000000001111000000000000111100001111000000001111000000000000000011111111111111111111111111111111111111111111111111111111111111111111000000000000001111111100000000000000000000000000000
0000111111111111110000111100000000000000001111000000000000111100001111000000001111000000000000000011111111111111111111111111111111111111111111111111111111111111111111000000000000001111111100000000000000000000000000000
0000111111111111110000111100000000000000001111000000000000111100001111000000001111000000000000000011111111111111111111111111111111111111111111111111111111111111111111000000000000001111111100000000000000000000000000000
0000000000000011110000000000001111000000000000000011110000000000000000000000001111000000000000000011111111111111111111111111111111111111111111111111111111111111111111000000000000001111111100000000000000000000000000000
0000000000000011110000000000001111000000000000000011110000000000000000000000001111000000000000000011111111111111111111111111111111111111111111111111111111111111111111000000000000001111111100000000000000000000000000000
0000000000000011110000000000001111000000000000000011110000000000000000000000001111000000000000000011111100111111111111111111111111111111111111111111111111111111111111000000000000111111110000000000000000000000000000000
0000000000000011110000000000001111000000000000000011110000000000000000000000001111000000000000000011111100111111111111111111111111111111111111111111111111111111111111000000000000111111110000000000000000000000000000000
0000000011110011111111111100000000111111111111000000000000000000000000111100000000000000000000000011111111111111111111000000001111111100001111000011111111111111111111000000001111111111000000000000000000000000000000000
0000000011110011111111111100000000111111111111000000000000000000000000111100000000000000000000000011111111111111111111000000001111111100001111000011111111111111111111000000001111111111000000000000000000000000000000000
0000000011110000000011111100000000111111111111000000000000000000000000111100000000000000000000000011111111111111111111000000001111111100001111000011111111111111111111000000001111111100000000000000000000000000000000000
0000000011110000000011111100000000111111111111000000000000000000000000111100000000000000000000000011111111111111111111000000001111111100001111000011111111111111111111000000001111111100000000000000000000000000000000000
0000000000000000000011111111111111111111111111111111111111111111110000000000000000000011110000000000000000000000001111111111110000000000000000000000000000000000000000000000001111000000000000000000000000000000000000000
0000000000000000000011111111111111111111111111111111111111111111110000000000000000000011110000000000000000000000001111111111110000000000000000000000000000000000000000000000001111000000000000000000000000000000000000000
0000000000000000000000001111111111111111111111111111111111111111110000000000000000000011110000000000000000000000001111111111110000000000000000000000000000000000000000000000001111000000000000000000000000000000000000000
0000000000000000000000001111111111111111111111111111111111111111110000000000000000000011110000000000000000000000001111111111110000000000000000000000000000000000000000000000001111000000000000000000000000000000000000000
0000000000000000000000000000111111111111111111111111111111111111111111111100000000000000000000000000000000000000000000000000000000000000000000000000001111000000000000000000001111000000000000000000000000000000000000000
0000000000000000000000000000111111111111111111111111111111111111111111111100000000000000000000000000000000000000000000000000000000000000000000000000001111000000000000000000001111000000000000000000000000000000000000000
0000000000000000001111000000001111111111111111111111111111111111111111111100000000000000000000000000000000000000000000000000000000000000000000000000001111000000000000000000001100000000000000000000000000000000000000000
0000000000000000001111000000001111111111111111111111111111111111111111111100000000000000000000000000000000000000000000000000000000000000000000000000001111000000000000000000001100000000000000000000000000000000000000000
0000000000000000001111000000000000111111111100111111111111111111111111111100001100000000001111111100000000000000000000000011110000000000000000000000000000000000000000111111110000000000000000000000000000000000000000000
0000000000000000001111000000000000111111111100111111111111111111111111111100001100000000001111111100000000000000000000000011110000000000000000000000000000000000000000111111110000000000000000000000000000000000000000000
0000000000000000000000000000000000111100000000111100000000111111001111111100001111000000001111111100000000000000000000000011110000000000000000000000000000000000000000110000000000000000000000000000000000000000000000000
0000000000000000000000000000000000111100000000111100000000111111001111111100001111000000001111111100000000000000000000000011110000000000000000000000000000000000000000110000000000000000000000000000000000000000000000000
0000000000000000000000000000000000000000000000111100000000111111000011111111111111111111000000111100000000000011111100111111110000000000000000000000000000111111111111000000000000000000000000000000000000000000000000000
0000000000000000000000000000000000000000000000111100000000111111000011111111111111111111000000111100000000000011111100111111110000000000000000000000000000111111111111000000000000000000000000000000000000000000000000000
0000000000000000000000000000000000000000000000111100000000000000000011111111001111110000000011111100000000000011111100111111110000000000000000000000000000111111110000000000000000000000000000000000000000000000000000000
0000000000000000000000000000000000000000000000111100000000000000000011111111001111110000000011111100000000000011111100111111110000000000000000000000000000111111110000000000000000000000000000000000000000000000000000000
0000000000000000000000000000000000000011110000000000000000111100000000111111000011110000111111111111110000111111111111111111111111111111111111111111111111111111000011110000000000000000000000000000000000000000000000000
0000000000000000000000000000000000000011110000000000000000111100000000111111000011110000111111111111110000111111111111111111111111111111111111111111111111111111000011110000000000000000000000000000000000000000000000000
0000000000000000000000000000000000000011110000000000000000111100000000111100000011111111111111111111111111111111111111111100111111000000111111111111110000111111000011110000000000000000000000000000000000000000000000000
0000000000000000000000000000000000000011110000000000000000111100000000111100000011111111111111111111111111111111111111111100111111000000111111111111110000111111000011110000000000000000000000000000000000000000000000000
0000000000000000000000000000000000000000000000000000000000111100000000111111000011111111111111111111111111111111111111110000000000000000111111111111111111111100000000000000000000000000000000000000000000000000000000000
0000000000000000000000000000000000000000000000000000000000111100000000111111000011111111111111111111111111111111111111110000000000000000111111111111111111111100000000000000000000000000000000000000000000000000000000000
0000000000000000000000000000000000000000000000000000000000000000000000001111000011111111111111111111111111111111000000000011110000111100111111000011111111110000000000000000000000000000000000000000000000000000000000000
0000000000000000000000000000000000000000000000000000000000000000000000001111000011111111111111111111111111111111000000000011110000111100111111000011111111110000000000000000000000000000000000000000000000000000000000000
0000000000000000000000000000000000000000000000000000000000000000000000001111000000111111111111111111000000111100000000000011110000111100111100000000000000000000000000000000000000000000000000000000000000000000000000000
0000000000000000000000000000000000000000000000000000000000000000000000001111000000111111111111111111000000111100000000000011110000111100111100000000000000000000000000000000000000000000000000000000000000000000000000000
0000000000000000000000000000000000000000000000000000000000000000000000000000000000000000111111000000000000000000000000000000000000111100000000000000000000000000000000000000000000000000000000000000000000000000000000000
0000000000000000000000000000000000000000000000000000000000000000000000000000000000000000111111000000000000000000000000000000000000111100000000000000000000000000000000000000000000000000000000000000000000000000000000000
0000000000000000000000000000000000000000000000000000000000000000000000000000111100000000000000000000000000001111000000000000000000000000000000000000000000000000000000000000000000000000000000000000000000000000000000000
0000000000000000000000000000000000000000000000000000000000000000000000000000111100000000000000000000000000001111000000000000000000000000000000000000000000000000000000000000000000000000000000000000000000000000000000000
0000000000000000000000000000000000000000000000000000000000000000000000000000111100000000000000000000000000001111000000000000000000000000000000000000000000000000000000000000000000000000000000000000000000000000000000000
0000000000000000000000000000000000000000000000000000000000000000000000000000111100000000000000000000000000001111000000000000000000000000000000000000000000000000000000000000000000000000000000000000000000000000000000000
