-224
14
-108
62
00000000000000000000000000000000000000000000000000000000000000000000000000000000000000000000000000000000000000000000000000000000000000000000000000000000000000000000000000000000000000000000000000000000000000000000000000000000000000000000000
00000000000000000000000000000000000000000000000000000000000000000000000000000000000000000000000000000000000000000000000000001111111100000000000000000000000000000000000000000000000000000000000000000000000000000000000000000000111100001100000
00000000000000000000000000000000000000000000000000000000000000000000000000000000000000000000000000000000000000000000000000001111111100000000000000000000000000000000000000000000000000000000000000000000000000000000000000000000111100001100000
00000000111111111111000011111111111111111111111111111111111111111111111111111111111111111111111100001111111111111111111111111111111111110000000000001111111111110000111100001111000011111111111111110000111111110000111100000000000000000000000
00000000111111111111000011111111111111111111111111111111111111111111111111111111111111111111111100001111111111111111111111111111111111110000000000001111111111110000111100001111000011111111111111110000111111110000111100000000000000000000000
00000000111111111111000011111111111111111111111111111111111111111111111111111111111111111111111100001111111111111111111111111111111111110000000000001111111111110000111100001111000011111111111111110000111111110000111100000000000000000000000
00000000111111111111000011111111111111111111111111111111111111111111111111111111111111111111111100001111111111111111111111111111111111110000000000001111111111110000111100001111000011111111111111110000111111110000111100000000000000000000000
00000000111111110000000011111111111111111111111111110000111111110000111100000000111100000000000000000000000000000000000011111111000000000000000000000000111111111111111111111111111100001111000011110000000011111111111100000000000011110000000
00000000111111110000000011111111111111111111111111110000111111110000111100000000111100000000000000000000000000000000000011111111000000000000000000000000111111111111111111111111111100001111000011110000000011111111111100000000000011110000000
00000000111111110000000011111111111111111111111111110000111111110000111100000000111100000000000000000000000000000000000011111111000000000000000000000000111111111111111111111111111100001111000011110000000011111111111100000000000011110000000
00000000111111110000000011111111111111111111111111110000111111110000111100000000111100000000000000000000000000000000000011111111000000000000000000000000111111111111111111111111111100001111000011110000000011111111111100000000000011110000000
00000000111111110000111111111111000011111111000011111111111111111111111100001111111100000000111100001111111111111111000011111111000011111111111111110000111111110000111111111111111111111111000011110000000011111111111111110000000011110000000
00000000111111110000111111111111000011111111000011111111111111111111111100001111111100000000111100001111111111111111000011111111000011111111111111110000111111110000111111111111111111111111000011110000000011111111111111110000000011110000000
00000000111111110000111111111111000011111111000011111111111111111111111100001111111100000000111100001111111111111111000011111111000011111111111111110000111111110000111111111111111111111111000011110000000011111111111111110000000011110000000
00000000111111110000111111111111000011111111000011111111111111111111111100001111111100000000111100001111111111111111000011111111000011111111111111110000111111110000111111111111111111111111000011110000000011111111111111110000000011110000000
00000000111111111111111111111111111100000000111111111111111111110000111111111111000000000000111111111111111111111111000011111111000011111111111111110000000011110000111111111111111100001111000000000000000000001111111111110000111111110000000
00000000111111111111111111111111111100000000111111111111111111110000111111111111000000000000111111111111111111111111000011111111000011111111111111110000000011110000111111111111111100001111000000000000000000001111111111110000111111110000000
00000000111111111111111111111111111100000000111111111111111111110000111111111111000000000000111111111111111111111111000011111111000011111111111111110000000011110000111111111111111100001111000000000000000000001111111111110000111111110000000
00000000111111111111111111111111111100000000111111111111111111110000111111111111000000000000111111111111111111111111000011111111000011111111111111110000000011110000111111111111111100001111000000000000000000001111111111110000111111110000000
00000000000000001111000011111111111100000000111111110000111111110000111111111111111100000000111111111111111111111111111111111111111111111111111111110000000011110000111111110000111111110000111111111111000011111111111111111111111111110000000
00000000000000001111000011111111111100000000111111110000111111110000111111111111111100000000111111111111111111111111111111111111111111111111111111110000000011110000111111110000111111110000111111111111000011111111111111111111111111110000000
00000000000000001111000011111111111100000000111111110000111111110000111111111111111100000000111111111111111111111111111111111111111111111111111111110000000011110000111111110000111111110000111111111111000011111111111111111111111111110000000
00000000000000001111000011111111111100000000111111110000111111110000111111111111111100000000111111111111111111111111111111111111111111111111111111110000000011110000111111110000111111110000111111111111000011111111111111111111111111110000000
00000000000000001111111111111111000011110000111111110000111111110000111111110000111100000000111111111111111111111111111111111111111111111111111111110000000000000000000011111111000011111111111111111111000011111111111111111111111111110000000
00000000000000001111111111111111000011110000111111110000111111110000111111110000111100000000111111111111111111111111111111111111111111111111111111110000000000000000000011111111000011111111111111111111000011111111111111111111111111110000000
00000000000000001111111111111111000011110000111111110000111111110000111111110000111100000000111111111111111111111111111111111111111111111111111111110000000000000000000011111111000011111111111111111111000011111111111111111111111111110000000
00000000000000001111111111111111000011110000111111110000111111110000111111110000111100000000111111111111111111111111111111111111111111111111111111110000000000000000000011111111000011111111111111111111000011111111111111111111111111110000000
00000000000011111111111111111111111100000000111100000000000000000000000011111111111111110000111111111111111111111111111111111111111111111111111100000000000000000000000000001111111111111111111111111111000000000000000011111111111111110000000
00000000000011111111111111111111111100000000111100000000000000000000000011111111111111110000111111111111111111111111111111111111111111111111111100000000000000000000000000001111111111111111111111111111000000000000000011111111111111110000000
00000000000011111111111111111111111100000000111100000000000000000000000011111111111111110000111111111111111111111111111111111111111111111111111100000000000000000000000000001111111111111111111111111111000000000000000011111111111111110000000
00000000000011111111111111111111111100000000111100000000000000000000000011111111111111110000111111111111111111111111111111111111111111111111111100000000000000000000000000001111111111111111111111111111000000000000000011111111111111110000000
00000000000011110000111111110000000000000000000000000000000000000000000000000000000000000000111111111111111111111111111111111111111111111111111100000000000000000000000000001111111111111111111111111111000000000000000000000000000000000000000
00000000000011110000111111110000000000000000000000000000000000000000000000000000000000000000111111111111111111111111111111111111111111111111111100000000000000000000000000001111111111111111111111111111000000000000000000000000000000000000000
00000000000011110000111111110000000000000000000000000000000000000000000000000000000000000000111111111111111111111111111111111111111111111111111100000000000000000000000000001111111111111111111111111111000000000000000000000000000000000000000
00000000000011110000111111110000000000000000000000000000000000000000000000000000000000000000111111111111111111111111111111111111111111111111111100000000000000000000000000001111111111111111111111111111000000000000000000000000000000000000000
00000000000011111111000000000000111111111111111111111111111111111111111100000000000000000000111111111111111111111111111111111111111111111111111111110000111111111111111100001111111111111111111111111111111111111111000011110000000000000000000
00000000000011111111000000000000111111111111111111111111111111111111111100000000000000000000111111111111111111111111111111111111111111111111111111110000111111111111111100001111111111111111111111111111111111111111000011110000000000000000000
00000000000011111111000000000000111111111111111111111111111111111111111100000000000000000000111111111111111111111111111111111111111111111111111111110000111111111111111100001111111111111111111111111111111111111111000011110000000000000000000
00000000000011111111000000000000111111111111111111111111111111111111111100000000000000000000111111111111111111111111111111111111111111111111111111110000111111111111111100001111111111111111111111111111111111111111000011110000000000000000000
00000000000000001111000011111111111111111111111111111111111111111111111111110000000000000000111111111111111111111111111111111111111111111111111111110000111111111111111111111111111111111111111111111111111111111111111111110000000000000000000
00000000000000001111000011111111111111111111111111111111111111111111111111110000000000000000111111111111111111111111111111111111111111111111111111110000111111111111111111111111111111111111111111111111111111111111111111110000000000000000000
00000000000000001111000011111111111111111111111111111111111111111111111111110000000000000000111111111111111111111111111111111111111111111111111111110000111111111111111111111111111111111111111111111111111111111111111111110000000000000000000
00000000000000001111000011111111111111111111111111111111111111111111111111110000000000000000111111111111111111111111111111111111111111111111111111110000111111111111111111111111111111111111111111111111111111111111111111110000000000000000000
00000000000011110000000011111111111111111111111111111111111111111111111111110000111100000000111111111111111111111111111111111111111111111111111111110000111111111111111111111111111111111111111111111111111111111111111111110000000011110000000
00000000000011110000000011111111111111111111111111111111111111111111111111110000111100000000111111111111111111111111111111111111111111111111111111110000111111111111111111111111111111111111111111111111111111111111111111110000000011110000000
00000000000011110000000011111111111111111111111111111111111111111111111111110000111100000000111111111111111111111111111111111111111111111111111111110000111111111111111111111111111111111111111111111111111111111111111111110000000011110000000
00000000000011110000000011111111111111111111111111111111111111111111111111110000111100000000111111111111111111111111111111111111111111111111111111110000111111111111111111111111111111111111111111111111111111111111111111110000000011110000000
00000000000011110000111111111111111111111111111111111111111111111111111111110000000011110000000000000000000000000000111111110000000000000000000000000000000011111111111111111111111111111111111111111111111111111111111111110000000011110000000
00000000000011110000111111111111111111111111111111111111111111111111111111110000000011110000000000000000000000000000111111110000000000000000000000000000000011111111111111111111111111111111111111111111111111111111111111110000000011110000000
00000000000011110000111111111111111111111111111111111111111111111111111111110000000011110000000000000000000000000000111111110000000000000000000000000000000011111111111111111111111111111111111111111111111111111111111111110000000011110000000
00000000000011110000111111111111111111111111111111111111111111111111111111110000000011110000000000000000000000000000111111110000000000000000000000000000000011111111111111111111111111111111111111111111111111111111111111110000000011110000000
11110000111100000000111111111111111111111111111111111111111111111111111111110000111111111111111111111111111111111111111111111111111111111111111111111111111111111111111111111111111111111111111111111111111111111111111111110000000011110000000
11110000111100000000111111111111111111111111111111111111111111111111111111110000111111111111111111111111111111111111111111111111111111111111111111111111111111111111111111111111111111111111111111111111111111111111111111110000000011110000000
11110000111100000000111111111111111111111111111111111111111111111111111111110000111111111111111111111111111111111111111111111111111111111111111111111111111111111111111111111111111111111111111111111111111111111111111111110000000011110000000
11110000111100000000111111111111111111111111111111111111111111111111111111110000111111111111111111111111111111111111111111111111111111111111111111111111111111111111111111111111111111111111111111111111111111111111111111110000000011110000000
11110000000011110000111111111111111111111111111100001111111111111111111111111111111111111111111111111111111111111111111111111111111111111111111111111111111111111111111111111111111111111111111100001111111111111111111111110000000000000000000
11110000000011110000111111111111111111111111111100001111111111111111111111111111111111111111111111111111111111111111111111111111111111111111111111111111111111111111111111111111111111111111111100001111111111111111111111110000000000000000000
11110000000011110000111111111111111111111111111100001111111111111111111111111111111111111111111111111111111111111111111111111111111111111111111111111111111111111111111111111111111111111111111100001111111111111111111111110000000000000000000
11110000000011110000111111111111111111111111111100001111111111111111111111111111111111111111111111111111111111111111111111111111111111111111111111111111111111111111111111111111111111111111111100001111111111111111111111110000000000000000000
11110000000000000000111111111111111111111111111111111111111111111111111111111111111111111111111111111111111111111111111111111111111111111111111111111111111111111111111111111111111111110000111111111111111111111111111100000000111111111111110
11110000000000000000111111111111111111111111111111111111111111111111111111111111111111111111111111111111111111111111111111111111111111111111111111111111111111111111111111111111111111110000111111111111111111111111111100000000111111111111110
11110000000000000000111111111111111111111111111111111111111111111111111111111111111111111111111111111111111111111111111111111111111111111111111111111111111111111111111111111111111111110000111111111111111111111111111100000000111111111111110
11110000000000000000111111111111111111111111111111111111111111111111111111111111111111111111111111111111111111111111111111111111111111111111111111111111111111111111111111111111111111110000111111111111111111111111111100000000111111111111110
11110000000000000000111111111111111111111111111111111111111111111111111111111111111111111111111111111111111111111111111111111111111111111111111111111111111111111111111111111111111111111111111111111111111111111111111111111111111111111111110
11110000000000000000111111111111111111111111111111111111111111111111111111111111111111111111111111111111111111111111111111111111111111111111111111111111111111111111111111111111111111111111111111111111111111111111111111111111111111111111110
11110000000000000000111111111111111111111111111111111111111111111111111111111111111111111111111111111111111111111111111111111111111111111111111111111111111111111111111111111111111111111111111111111111111111111111111111111111111111111111110
11110000000000000000111111111111111111111111111111111111111111111111111111111111111111111111111111111111111111111111111111111111111111111111111111111111111111111111111111111111111111111111111111111111111111111111111111111111111111111111110
11110000000011110000111111111111111111111111111111111111111111111111111111111111111111111111111111111111111111111111111111111111111100001111111111111111111111110000111111111111000000001111111111111111111111111111111111111111111111111111110
11110000000011110000111111111111111111111111111111111111111111111111111111111111111111111111111111111111111111111111111111111111111100001111111111111111111111110000111111111111000000001111111111111111111111111111111111111111111111111111110
11110000000011110000111111111111111111111111111111111111111111111111111111111111111111111111111111111111111111111111111111111111111100001111111111111111111111110000111111111111000000001111111111111111111111111111111111111111111111111111110
11110000000011110000111111111111111111111111111111111111111111111111111111111111111111111111111111111111111111111111111111111111111100001111111111111111111111110000111111111111000000001111111111111111111111111111111111111111111111111111110
11110000000000000000111111110000111111111111111111111111111111111111111111110000111111111111111111111111111111111111111111111111111100000000111111111111111111110000111111111111111111111111111111111111111111111111111111111111111111111111110
11110000000000000000111111110000111111111111111111111111111111111111111111110000111111111111111111111111111111111111111111111111111100000000111111111111111111110000111111111111111111111111111111111111111111111111111111111111111111111111110
11110000000000000000111111110000111111111111111111111111111111111111111111110000111111111111111111111111111111111111111111111111111100000000111111111111111111110000111111111111111111111111111111111111111111111111111111111111111111111100000
11110000000000000000111111110000111111111111111111111111111111111111111111110000111111111111111111111111111111111111111111111111111100000000111111111111111111110000111111111111111111111111111111111111111111111111111111111111111111111100000
00000000111100000000111111111111111111111111111111111111111111111111111100001111000011111111111111111111111111111111111111111111111111110000111111111111111100000000111111111111111111111111111111111111111111111111111111110000111100000000000
00000000111100000000111111111111111111111111111111111111111111111111111100001111000011111111111111111111111111111111111111111111111111110000111111111111111100000000111111111111111111111111111111111111111111111111111111110000111100000000000
00000000111100000000111111111111111111111111111111111111111111111111111100001111000011111111111111111111111111111111111111111111111111110000111111111111111100000000111111111111111111111111111111111111111111111111111111110000111100000000000
00000000111100000000111111111111111111111111111111111111111111111111111100001111000011111111111111111111111111111111111111111111111111110000111111111111111100000000111111111111111111111111111111111111111111111111111111110000111100000000000
00000000000000000000111111111111111111111111111111111111111111111111111100000000111111111111111111111111111111111111111111111111111111111111111111111111111111111111111111111111111111111111111111111111111111111111111111110000111100000000000
00000000000000000000111111111111111111111111111111111111111111111111111100000000111111111111111111111111111111111111111111111111111111111111111111111111111111111111111111111111111111111111111111111111111111111111111111110000111100000000000
00000000000000000000111111111111111111111111111111111111111111111111111100000000111111111111111111111111111111111111111111111111111111111111111111111111111111111111111111111111111111111111111111111111111111111111111111110000111100000000000
00000000000000000000111111111111111111111111111111111111111111111111111100000000111111111111111111111111111111111111111111111111111111111111111111111111111111111111111111111111111111111111111111111111111111111111111111110000111100000000000
11110000000000001111111111111111111111111111111111111111111111111111111111110000000011111111111111111111111111111111111111111111111111111111111111111111111111111111111111111111111111111111111111111111111111111111111111110000000000000000000
11110000000000001111111111111111111111111111111111111111111111111111111111110000000011111111111111111111111111111111111111111111111111111111111111111111111111111111111111111111111111111111111111111111111111111111111111110000000000000000000
11110000000000001111111111111111111111111111111111111111111111111111111111110000000011111111111111111111111111111111111111111111111111111111111111111111111111111111111111111111111111111111111111111111111111111111111111110000000000000000000
11110000000000001111111111111111111111111111111111111111111111111111111111110000000011111111111111111111111111111111111111111111111111111111111111111111111111111111111111111111111111111111111111111111111111111111111111110000000000000000000
00000000111111111111111111111111111111111111111111111111111111111111111111110000000011111111111100001111111111111111111111111111111111111111111111111111111111111111111100001111111111111111111111111111111111111111111111111111000000000000000
00000000111111111111111111111111111111111111111111111111111111111111111111110000000011111111111100001111111111111111111111111111111111111111111111111111111111111111111100001111111111111111111111111111111111111111111111111111000000000000000
00000000111111111111111111111111111111111111111111111111111111111111111111110000000011111111111100001111111111111111111111111111111111111111111111111111111111111111111100001111111111111111111111111111111111111111111111111111000000000000000
00000000111111111111111111111111111111111111111111111111111111111111111111110000000011111111111100001111111111111111111111111111111111111111111111111111111111111111111100001111111111111111111111111111111111111111111111111111000000000000000
11111111111111111111111111111111111111111111111111111111111111111111111111110000000011111111111111111111111111111111111111111111111111111111111111111111111111111111111100001111111111111111111111111111111111111111111111111111000000000000000
11111111111111111111111111111111111111111111111111111111111111111111111111110000000011111111111111111111111111111111111111111111111111111111111111111111111111111111111100001111111111111111111111111111111111111111111111111111000000000000000
11111111111111111111111111111111111111111111111111111111111111111111111111110000000011111111111111111111111111111111111111111111111111111111111111111111111111111111111100001111111111111111111111111111111111111111111111111111000000000000000
11111111111111111111111111111111111111111111111111111111111111111111111111110000000011111111111111111111111111111111111111111111111111111111111111111111111111111111111100001111111111111111111111111111111111111111111111111111000000000000000
11111111111111111111111111111111111111111111111111111111111111111111111111110000000011111111111111111111111111111111111111111111111111111111111100001111111111111111000000001111111111111111111111111111111111111111111111111111000000000000000
11111111111111111111111111111111111111111111111111111111111111111111111111110000000011111111111111111111111111111111111111111111111111111111111100001111111111111111000000001111111111111111111111111111111111111111111111111111000000000000000
11111111111111111111111111111111111111111111111111111111111111111111111111110000000011111111111111111111111111111111111111111111111111111111111100001111111111111111000000001111111111111111111111111111111111111111111111111111000000000000000
11111111111111111111111111111111111111111111111111111111111111111111111111110000000011111111111111111111111111111111111111111111111111111111111100001111111111111111000000001111111111111111111111111111111111111111111111111111000000000000000
11111111111111111111111111111111111111111111111111111111111111111111111100000000000011111111111111111111111111111111000000001111111111111111111111111111111111111111000000001111111111111111111111111111111111111111111111111111000000000000000
11111111111111111111111111111111111111111111111111111111111111111111111100000000000011111111111111111111111111111111000000001111111111111111111111111111111111111111000000001111111111111111111111111111111111111111111111111111000000000000000
11111111111111111111111111111111111111111111111111111111111111111111111100000000000011111111111111111111111111111111000000001111111111111111111111111111111111111111000000001111111111111111111111111111111111111111111111111111000000000000000
11111111111111111111111111111111111111111111111111111111111111111111111100000000000011111111111111111111111111111111000000001111111111111111111111111111111111111111000000001111111111111111111111111111111111111111111111111111000000000000000
00001111111111110000111111111111111111111111111111111111111111111111111100000000111111111111111111111111111111111111111111111111111111111111111111111111111111111111000000001111111111111111111111111111111111111111111111111111000000000000000
00001111111111110000111111111111111111111111111111111111111111111111111100000000111111111111111111111111111111111111111111111111111111111111111111111111111111111111000000001111111111111111111111111111111111111111111111111111000000000000000
00001111111111110000111111111111111111111111111111111111111111111111111100000000111111111111111111111111111111111111111111111111111111111111111111111111111111111111000000001111111111111111111111111111111111111111111111111111000000000000000
00001111111111110000111111111111111111111111111111111111111111111111111100000000111111111111111111111111111111111111111111111111111111111111111111111111111111111111000000001111111111111111111111111111111111111111111111111111000000000000000
00000000111100000000111111111111000011111111111111111111111111111111111100000000000000001111111111111111111111111111111111111111111111111111111111111111111111111111000000000000111100000000000000000000111111111111111111110000000000000000000
00000000111100000000111111111111000011111111111111111111111111111111111100000000000000001111111111111111111111111111111111111111111111111111111111111111111111111111000000000000111100000000000000000000111111111111111111110000000000000000000
00000000111100000000111111111111000011111111111111111111111111111111111100000000000000001111111111111111111111111111111111111111111111111111111111111111111111111111000000000000111100000000000000000000111111111111111111110000000000000000000
00000000111100000000111111111111000011111111111111111111111111111111111100000000000000001111111111111111111111111111111111111111111111111111111111111111111111111111000000000000111100000000000000000000111111111111111111110000000000000000000
00000000111100000000111111111111111111111111111111111111111111111111111100000000000000001111111111111111111111111111111111111111111111111111111111111111111111111111000000000000000000000000000011111111111111111111111100000000000000000000000
00000000111100000000111111111111111111111111111111111111111111111111111100000000000000001111111111111111111111111111111111111111111111111111111111111111111111111111000000000000000000000000000011111111111111111111111100000000000000000000000
00000000111100000000111111111111111111111111111111111111111111111111111100000000000000001111111111111111111111111111111111111111111111111111111111111111111111111111000000000000000000000000000011111111111111111111111100000000000000000000000
00000000111100000000111111111111111111111111111111111111111111111111111100000000000000001111111111111111111111111111111111111111111111111111111111111111111111111111000000000000000000000000000011111111111111111111111100000000000000000000000
00000000111100000000111111111111111111110000000011111111111111111111000000001111000011110000111111111111111111111111111111111111111111111111111111111111111111111111111111111111111111111111111111111111111111111111111111110000000000000000000
00000000111100000000111111111111111111110000000011111111111111111111000000001111000011110000111111111111111111111111111111111111111111111111111111111111111111111111111111111111111111111111111111111111111111111111111111110000000000000000000
00000000111100000000111111111111111111110000000011111111111111111111000000001111000011110000111111111111111111111111111111111111111111111111111111111111111111111111111111111111111111111111111111111111111111111111111111110000000000000000000
00000000111100000000111111111111111111110000000011111111111111111111000000001111000011110000111111111111111111111111111111111111111111111111111111111111111111111111111111111111111111111111111111111111111111111111111111110000000000000000000
00000000000000000000111111111111000011111111000011111111000011111111000011110000000000000000000011111111111111111111111111110000000000001111111111111111111111111111111111111111111111111111111111111111111111111111111111111111000000000000000
00000000000000000000111111111111000011111111000011111111000011111111000011110000000000000000000011111111111111111111111111110000000000001111111111111111111111111111111111111111111111111111111111111111111111111111111111111111000000000000000
00000000000000000000111111111111000011111111000011111111000011111111000011110000000000000000000011111111111111111111111111110000000000001111111111111111111111111111111111111111111111111111111111111111111111111111111111111111000000000000000
00000000000000000000111111111111000011111111000011111111000011111111000011110000000000000000000011111111111111111111111111110000000000001111111111111111111111111111111111111111111111111111111111111111111111111111111111111111000000000000000
00000000000011110000000000000000000011110000000000000000000011111111111111111111111100000000111111111111111111111111111111110000111100001111111111111111111111111111111111111111111111111111111111111111111111111111111111111111000000000000000
00000000000011110000000000000000000011110000000000000000000011111111111111111111111100000000111111111111111111111111111111110000111100001111111111111111111111111111111111111111111111111111111111111111111111111111111111111111000000000000000
00000000000011110000000000000000000011110000000000000000000011111111111111111111111100000000111111111111111111111111111111110000111100001111111111111111111111111111111111111111111111111111111111111111111111111111111111111111000000000000000
00000000000011110000000000000000000011110000000000000000000011111111111111111111111100000000111111111111111111111111111111110000111100001111111111111111111111111111111111111111111111111111111111111111111111111111111111111111000000000000000
00000000111100000000000011110000000011110000000011110000111100001111111100000000000011111111111111111111111111111111111111110000000000000000111111111111111111111111111111111111111111111111111111111111111111111111111111111111111100000000000
00000000111100000000000011110000000011110000000011110000111100001111111100000000000011111111111111111111111111111111111111110000000000000000111111111111111111111111111111111111111111111111111111111111111111111111111111111111111100000000000
00000000111100000000000011110000000011110000000011110000111100001111111100000000000011111111111111111111111111111111111111110000000000000000111111111111111111111111111111111111111111111111111111111111111111111111111111111111111100000000000
00000000111100000000000011110000000011110000000011110000111100001111111100000000000011111111111111111111111111111111111111110000000000000000111111111111111111111111111111111111111111111111111111111111111111111111111111111111111100000000000
00000000000000000000000011110000000000000000000011111111111100001111111111110000111111111111111111111111000011111111111111110000111111110000111111111111111111110000000000000000111111111111111111111111111111111111111111111111111100000000000
00000000000000000000000011110000000000000000000011111111111100001111111111110000111111111111111111111111000011111111111111110000111111110000111111111111111111110000000000000000111111111111111111111111111111111111111111111111111100000000000
00000000000000000000000011110000000000000000000011111111111100001111111111110000111111111111111111111111000011111111111111110000111111110000111111111111111111110000000000000000111111111111111111111111111111111111111111111111111100000000000
00000000000000000000000011110000000000000000000011111111111100001111111111110000111111111111111111111111000011111111111111110000111111110000111111111111111111110000000000000000111111111111111111111111111111111111111111111111111100000000000
00000000000000000000000000000000000000000000000000000000000000000000000011110000111111111111111111111111111111111111111111111111111100001111111111111111000000001111111111111111111111111111111111111111111111111111111111111111111100000000000
00000000000000000000000000000000000000000000000000000000000000000000000011110000111111111111111111111111111111111111111111111111111100001111111111111111000000001111111111111111111111111111111111111111111111111111111111111111111100000000000
00000000000000000000000000000000000000000000000000000000000000000000000011110000111111111111111111111111111111111111111111111111111100001111111111111111000000001111111111111111111111111111111111111111111111111111111111111111111100000000000
00000000000000000000000000000000000000000000000000000000000000000000000011110000111111111111111111111111111111111111111111111111111100001111111111111111000000001111111111111111111111111111111111111111111111111111111111111111111100000000000
00000000000000000000000000000000000000000000000000000000000000000000111111110000111111111111111111111111111111111111111111111111111111111111111111110000000011111111111111111111111111111111111111111111111100001111111111111111111100000000000
00000000000000000000000000000000000000000000000000000000000000000000111111110000111111111111111111111111111111111111111111111111111111111111111111110000000011111111111111111111111111111111111111111111111100001111111111111111111100000000000
00000000000000000000000000000000000000000000000000000000000000000000111111110000111111111111111111111111111111111111111111111111111111111111111111110000000011111111111111111111111111111111111111111111111100001111111111111111111100000000000
00000000000000000000000000000000000000000000000000000000000000000000111111110000111111111111111111111111111111111111111111111111111111111111111111110000000011111111111111111111111111111111111111111111111100001111111111111111111100000000000
00000000000000000000000000000000000000000000000000000000000000000000111111110000000000001111111111111111111111111111111111111111111111111111111111111111000011111111111111111111111111111111111111111111111100001111111111111111111100000000000
00000000000000000000000000000000000000000000000000000000000000000000111111110000000000001111111111111111111111111111111111111111111111111111111111111111000011111111111111111111111111111111111111111111111100001111111111111111111100000000000
00000000000000000000000000000000000000000000000000000000000000000000111111110000000000001111111111111111111111111111111111111111111111111111111111111111000011111111111111111111111111111111111111111111111100001111111111111111111100000000000
00000000000000000000000000000000000000000000000000000000000000000000111111110000000000001111111111111111111111111111111111111111111111111111111111111111000011111111111111111111111111111111111111111111111100001111111111111111111100000000000
00000000000000000000000000000000000000000000000000000000000000000000111100001111111100001111111111111111111111111111111111111111111111111111111111111111000011111111111111111111111111111111111111111111111111111111111111111111111100000000000
00000000000000000000000000000000000000000000000000000000000000000000111100001111111100001111111111111111111111111111111111111111111111111111111111111111000011111111111111111111111111111111111111111111111111111111111111111111111100000000000
00000000000000000000000000000000000000000000000000000000000000000000111100001111111100001111111111111111111111111111111111111111111111111111111111111111000011111111111111111111111111111111111111111111111111111111111111111111111100000000000
00000000000000000000000000000000000000000000000000000000000000000000111100001111111100001111111111111111111111111111111111111111111111111111111111111111000011111111111111111111111111111111111111111111111111111111111111111111111100000000000
00000000000000000000000000000000000000000000000000000000000000000000000011111111111100001111111111111111111111111111111111111111111111111111111111110000000011111111111111111111111111111111111111111111111111111111111111111111111100000000000
00000000000000000000000000000000000000000000000000000000000000000000000011111111111100001111111111111111111111111111111111111111111111111111111111110000000011111111111111111111111111111111111111111111111111111111111111111111111100000000000
00000000000000000000000000000000000000000000000000000000000000000000000011111111111100001111111111111111111111111111111111111111111111111111111111110000000011111111111111111111111111111111111111111111111111111111111111111111111100000000000
00000000000000000000000000000000000000000000000000000000000000000000000011111111111100001111111111111111111111111111111111111111111111111111111111110000000011111111111111111111111111111111111111111111111111111111111111111111111100000000000
00000000000000000000000000000000000000000000000000000000000000000000111111110000111100001111000000000000000000000000000011111111111111111111111111110000000011111111111111111111111111111111111111111111111111111111111111111111111111110000000
00000000000000000000000000000000000000000000000000000000000000000000111111110000111100001111000000000000000000000000000011111111111111111111111111110000000011111111111111111111111111111111111111111111111111111111111111111111111111110000000
00000000000000000000000000000000000000000000000000000000000000000000111111110000111100001111000000000000000000000000000011111111111111111111111111110000000011111111111111111111111111111111111111111111111111111111111111111111111111110000000
00000000000000000000000000000000000000000000000000000000000000000000111111110000111100001111000000000000000000000000000011111111111111111111111111110000000011111111111111111111111111111111111111111111111111111111111111111111111111110000000
00000000000000000000000000000000000000000000000000000000000000000000000011110000111100001111111111111111111111110000111111111111000011110000000011110000111111111111111111111111111100000000111111111111111100000000111111111111111111110000000
00000000000000000000000000000000000000000000000000000000000000000000000011110000111100001111111111111111111111110000111111111111000011110000000011110000111111111111111111111111111100000000111111111111111100000000111111111111111111110000000
00000000000000000000000000000000000000000000000000000000000000000000000011110000111100001111111111111111111111110000111111111111000011110000000011110000111111111111111111111111111100000000111111111111111100000000111111111111111111110000000
00000000000000000000000000000000000000000000000000000000000000000000000011110000111100001111111111111111111111110000111111111111000011110000000011110000111111111111111111111111111100000000111111111111111100000000111111111111111111110000000
00000000000000000000000000000000000000000000000000000000000000000000000011110000000000000000111111110000111111110000000000000000000011111111000000000000000011111111111100001111111111111111111111111111111111110000000011111111000011110000000
00000000000000000000000000000000000000000000000000000000000000000000000011110000000000000000111111110000111111110000000000000000000011111111000000000000000011111111111100001111111111111111111111111111111111110000000011111111000011110000000
00000000000000000000000000000000000000000000000000000000000000000000000011110000000000000000111111110000111111110000000000000000000011111111000000000000000011111111111100001111111111111111111111111111111111110000000011111111000011110000000
00000000000000000000000000000000000000000000000000000000000000000000000011110000000000000000111111110000111111110000000000000000000011111111000000000000000011111111111100001111111111111111111111111111111111110000000011111111000011110000000
00000000000000000000000000000000000000000000000000000000000000000000000000001111111111110000111111111111111111111111000000000000000011111111111100000000000000000000000000000000000000000000000000000000111111110000000011110000000000000000000
00000000000000000000000000000000000000000000000000000000000000000000000000001111111111110000111111111111111111111111000000000000000011111111111100000000000000000000000000000000000000000000000000000000111111110000000011110000000000000000000
00000000000000000000000000000000000000000000000000000000000000000000000000001111111111110000111111111111111111111111000000000000000011111111111100000000000000000000000000000000000000000000000000000000111111110000000011110000000000000000000
00000000000000000000000000000000000000000000000000000000000000000000000000001111111111110000111111111111111111111111000000000000000011111111111100000000000000000000000000000000000000000000000000000000111111110000000011110000000000000000000
