48
246
-100
110
0000000000000000000000000000000000000000000000000000000000000000000000000000000000000000000000000000000000000000000000000000000000000000000000000000000000000000000000000000000000000000000000000000000
0000000000000000000000000000000000000000000000000000000000000000000000000000000000000000000000000000000000000000000000111111111100000000000000000000000000000000000000000000000000000000000000000000000
0000000000000000000000000000000000000000000000000000000000000000000000000000000000000000000000000000000000000000000000111111111100000000000000000000000000000000000000000000000000000000000000000000000
0000000000000000000000000000000000000000000000000000000000000000000000000000000000000000000000000000000000000000001111111111111111111100000000000000000000000000000000000000000000000000000000000000000
0000000000000000000000000000000000000000000000000000000000000000000000000000000000000000000000000000000000000000001111111111111111111100000000000000000000000000000000000000000000000000000000000000000
0000000000000000000000000000000000000000000000000000000000000000000000000000000000000000000000000000000000000000111111111111111111111111111111110000000000000000000000000000000000000000000000000000000
0000000000000000000000000000000000000000000000000000000000000000000000000000000000000000000000000000000000000000111111111111111111111111111111110000000000000000000000000000000000000000000000000000000
0000000000000000000000000000000000000000000000000000000000000000000000000000000000000000000000000000000000001111000000000000000000001111111111111111000000000000001111111100000000000000000000000000000
0000000000000000000000000000000000000000000000000000000000000000000000000000000000000000000000000000000000001111000000000000000000001111111111111111000000000000001111111100000000000000000000000000000
0000000000000000000000000000000000000000000000000000000000000000000000000000000000000000000000000000000011111111000000000000000000001111111111111111000000000011111111111100000000000000000000000000000
0000000000000000000000000000000000000000000000000000000000000000000000000000000000000000000000000000000011111111000000000000000000001111111111111111000000000011111111111100000000000000000000000000000
0000000000000000000000000000000000000000000000000000000000000000000000000000000000000000000000001111111100000000000000000000000000000000111111111111111100111111111111111111111111110000000000000000000
0000000000000000000000000000000000000000000000000000000000000000000000000000000000000000000000001111111100000000000000000000000000000000111111111111111100111111111111111111111111110000000000000000000
0000000000000000000000000000000000000000000000000000000000000000000000000000000000000000000000111111111100000000000000000000000000000000111111111111111111111111111111111111111111111100000000000000000
0000000000000000000000000000000000000000000000000000000000000000000000000000000000000000000000111111111100000000000000000000000000000000111111111111111111111111111111111111111111111100000000000000000
0000000000000000000000000000000000000000000000000000000000000000000000000000000000000000000000111111000000000000111111110000111100000000000011111111111111111111111100000000000011111111000000000000000
0000000000000000000000000000000000000000000000000000000000000000000000000000000000000000000000111111000000000000111111110000111100000000000011111111111111111111111100000000000011111111000000000000000
0000000000000000000000000000000000000000000000000000000000111111111111111111111100000000000000111111000000000000111111110000111100000000000011111111111111111111111100000000000011111111111111111100000
0000000000000000000000000000000000000000000000000000000000111111111111111111111100000000000000111111000000000000111111110000111100000000000011111111111111111111111100000000000011111111111111111100000
0000000000000000000000000000000000000000000000000000000000111111111111111111111111000011111111110000000011111111111111111111111111110000000000000000000000000000000000001111000000000000111111111100000
0000000000000000000000000000000000000000000000000000000000111111111111111111111111000011111111110000000011111111111111111111111111110000000000000000000000000000000000001111000000000000111111111100000
0000000000000000000000000000000000000000000000000000000011111111111111111111111111001111111111110000000011111111111111111111111111110000000000000000000000000000000000001111000000000000000011110000000
0000000000000000000000000000000000000000000000000000000011111111111111111111111111001111111111110000000011111111111111111111111111110000000000000000000000000000000000001111000000000000000011110000000
0000000000000000000000000000000000000000000000000000001100001111000000001111000011001111111100000000111111111111111111111111111111111111111111111111111111111111111111110000111111110000000011110000000
0000000000000000000000000000000000000000000000000000001100001111000000001111000011001111111100000000111111111111111111111111111111111111111111111111111111111111111111110000111111110000000011110000000
0000000000000000000000000000000000000000000000000000001100001111000000001111000011111111111100000000111111111111111111111111111111111111111111111111111111111111111111110000111111110000000011110000000
0000000000000000000000000000000000000000000000000000001100001111000000001111000011111111111100000000111111111111111111111111111111111111111111111111111111111111111111110000111111110000000011110000000
0000000000000000000000000000000000000000000000000000001100001111111100000000000000000000000000001111111111111111111111111111111111111111111111111111111111111111111111111111111111111111000000000000000
0000000000000000000000000000000000000000000000000000001100001111111100000000000000000000000000001111111111111111111111111111111111111111111111111111111111111111111111111111111111111111000000000000000
0000000000000000000000000000000000000000000000000000001100001111111100000000000000000000000000001111111111111111111111111111111111111111111111111111111111111111111111111111111111111111000000000000000
0000000000000000000000000000000000000000000000000000001100001111111100000000000000000000000000001111111111111111111111111111111111111111111111111111111111111111111111111111111111111111000000000000000
0000000000000000000000000000000000000000000000000011000000000000000000000000000000000000111111111111111111111111111111111111111111111111111111111111111111111111111111111111111111111111111100001100000
0000000000000000000000000000000000000000000000000011000000000000000000000000000000000000111111111111111111111111111111111111111111111111111111111111111111111111111111111111111111111111111100001100000
0000000000000000000000000000000000000000000000111111000000000000000000000000000000000000111111111111111111111111111111111111111111111111111111111111111111111111111111111111111111111111111100001100000
0000000000000000000000000000000000000000000000111111000000000000000000000000000000000000111111111111111111111111111111111111111111111111111111111111111111111111111111111111111111111111111100001100000
0000000000000000000000000000000000000000000000001111000000001111111111111111000000000000000000001111111111111111111111111111111111111111111111111111111111111111111111111111111111111111000000001100000
0000000000000000000000000000000000000000000000001111000000001111111111111111000000000000000000001111111111111111111111111111111111111111111111111111111111111111111111111111111111111111000000001100000
0000000000000000000000000000000011111111111100001111000000001111111111111111000000000000000000001111111111111111111111111111111111111111111111111111111111111111111111111111111111111111000000001100000
0000000000000000000000000000000011111111111100001111000000001111111111111111000000000000000000001111111111111111111111111111111111111111111111111111111111111111111111111111111111111111000000001100000
0000000000000000000000000000001100000000111111110000111111111111111111111111000000000000000000001111111111111111111111111111111111111111111111111111111111111111111111111111111111111111111100001100000
0000000000000000000000000000001100000000111111110000111111111111111111111111000000000000000000001111111111111111111111111111111111111111111111111111111111111111111111111111111111111111111100001100000
0000000000000000000000000000111100000000111111110000111111111111111111111111000000000000000000001111111111111111111111111111111111111111111111111111111111111111111111111111111111111111111100000000000
0000000000000000000000000000111100000000111111110000111111111111111111111111000000000000000000001111111111111111111111111111111111111111111111111111111111111111111111111111111111111111111100000000000
0000000000000000000000001111111111111111000000001111111111111111111111111111000000000000111111111111111111111111111111111111111111111111111111111111111111111111111111111111111111111111111100001100000
0000000000000000000000001111111111111111000000001111111111111111111111111111000000000000111111111111111111111111111111111111111111111111111111111111111111111111111111111111111111111111111100001100000
0000000000000000000000001111111111111111000000001111111111111111111111111111000000000000111111111111111111111111111111111111111111111111111111111111111111111111111111111111111111111111111100001100000
0000000000000000000000001111111111111111000000001111111111111111111111111111000000000000111111111111111111111111111111111111111111111111111111111111111111111111111111111111111111111111111100001100000
0000000000000000000000001111111111110000000011111111111111111111111111111111111111111111111111111111111111111111111111111111111111111111111111111111111111111111111111111111111111111111000011111111000
0000000000000000000000001111111111110000000011111111111111111111111111111111111111111111111111111111111111111111111111111111111111111111111111111111111111111111111111111111111111111111000011111111000
0000000000000000000000000000111111110000000011111111111111111111111111111111111111111111111111111111111111111111111111111111111111111111111111111111111111111111111111111111111111111111000011111111000
0000000000000000000000000000111111110000000011111111111111111111111111111111111111111111111111111111111111111111111111111111111111111111111111111111111111111111111111111111111111111111000011111111000
0000000000000000000000000011000000000000111111111111111111111111111111111111111111111111111111111111111111111111111111111111111111111111111111111111111111111111111111111111111111111111000011111111110
0000000000000000000000000011000000000000111111111111111111111111111111111111111111111111111111111111111111111111111111111111111111111111111111111111111111111111111111111111111111111111000011111111110
0000000000000000110000001111000000000000111111111111111111111111111111111111111111111111111111111111111111111111111111111111111111111111111111111111111111111111111111111111111111111111000011111111110
0000000000000000110000001111000000000000111111111111111111111111111111111111111111111111111111111111111111111111111111111111111111111111111111111111111111111111111111111111111111111111000011111111110
0000000000000000000000111111000011111111111111111111111111111111111111111111111111111111111111110000111111111111111111111111111111111111111111111111111111111111111111111111111111110000000011111111000
0000000000000000000000111111000011111111111111111111111111111111111111111111111111111111111111110000111111111111111111111111111111111111111111111111111111111111111111111111111111110000000011111111000
0000000000000000001111111111000011111111111111111111111111111111111111111111111111111111111111110000111111111111111111111111111111111111111111111111111111111111111111111111111111110000000011111111000
0000000000000000001111111111000011111111111111111111111111111111111111111111111111111111111111110000111111111111111111111111111111111111111111111111111111111111111111111111111111110000000011111111000
0000000000000000001111110000000011111111111111111111111111111111111111111111111111110000000000000000111111111111111111111111111111111111111111111111111111111111111111111111111111110000111111111111000
0000000000000000001111110000000011111111111111111111111111111111111111111111111111110000000000000000111111111111111111111111111111111111111111111111111111111111111111111111111111110000111111111111000
0000000000000000111111110000000011111111111111111111111111111111111111111111111111110000000000000000111111111111111111111111111111111111111111111111111111111111111111111111111111110000111111111100000
0000000000000000111111110000000011111111111111111111111111111111111111111111111111110000000000000000111111111111111111111111111111111111111111111111111111111111111111111111111111110000111111111100000
0000000000000011000000000000111111111111111111111111111111111111111111111111111111110000000000000000111111111111111111111111111111111111111111111111111111111111111111111111111111110000111111110000000
0000000000000011000000000000111111111111111111111111111111111111111111111111111111110000000000000000111111111111111111111111111111111111111111111111111111111111111111111111111111110000111111110000000
0000000000001111000000000000111111111111111111111111111111111111111111111111111111110000000000000000111111111111111111111111111111111111111111111111111111111111111111111111111111110000111111000000000
0000000000001111000000000000111111111111111111111111111111111111111111111111111111110000000000000000111111111111111111111111111111111111111111111111111111111111111111111111111111110000111111000000000
0000000000001111000000001111111111111111111111111111111111111111111111111111111111110000000011110000111111111111111111111111111111111111111111111111111111111111111111111111111100000000111111000000000
0000000000001111000000001111111111111111111111111111111111111111111111111111111111110000000011110000111111111111111111111111111111111111111111111111111111111111111111111111111100000000111111000000000
0000000000110011000000001111111111111111111111111111111111111111111111111111111111110000000011110000111111111111111111111111111111111111111111111111111111111111111111111111111100000000111100000000000
0000000000110011000000001111111111111111111111111111111111111111111111111111111111110000000011110000111111111111111111111111111111111111111111111111111111111111111111111111111100000000111100000000000
0000000000111111000000001111111111111111111111110000111111111111111111111111111111110000111100000000111111111111111111111111111111111111111111111111111111111111111111111111111100001111111100000000000
0000000000111111000000001111111111111111111111110000111111111111111111111111111111110000111100000000111111111111111111111111111111111111111111111111111111111111111111111111111100001111111100000000000
0000000000001111000000001111111111111111111111110000111111111111111111111111111111110000111100000000111111111111111111111111111111111111111111111111111111111111111111111111111100001111111100000000000
0000000000001111000000001111111111111111111111110000111111111111111111111111111111110000111100000000111111111111111111111111111111111111111111111111111111111111111111111111111100001111111100000000000
0000000000110011000000000000111111111111111100000000111111111111111111111111111111111111111111111111111111111111111111111111111111111111111111111111111111111111111111111111111100001111111100000000000
0000000000110011000000000000111111111111111100000000111111111111111111111111111111111111111111111111111111111111111111111111111111111111111111111111111111111111111111111111111100001111111100000000000
0000000000110011000000000000111111111111111100000000111111111111111111111111111111111111111111111111111111111111111111111111111111111111111111111111111111111111111111111111111100001111111100000000000
0000000000110011000000000000111111111111111100000000111111111111111111111111111111111111111111111111111111111111111111111111111111111111111111111111111111111111111111111111111100001111111100000000000
0000000000111111000000000000111111111111111100000000000011111111111111111111111111111111111111111111111111111111111111111111111111111111111111111111111111111111111111111111000000001111111100000000000
0000000000111111000000000000111111111111111100000000000011111111111111111111111111111111111111111111111111111111111111111111111111111111111111111111111111111111111111111111000000001111111100000000000
0000000000001111000000000000111111111111111100000000000011111111111111111111111111111111111111111111111111111111111111111111111111111111111111111111111111111111111111111111000000001111111111000000000
0000000000001111000000000000111111111111111100000000000011111111111111111111111111111111111111111111111111111111111111111111111111111111111111111111111111111111111111111111000000001111111111000000000
0000000000110000000011110000111111111111111111111111111111111111111111110000111111111111111111111111111111111111111111111111111111111111111111111111111111111111111111110000000000001111111111000000000
0000000000110000000011110000111111111111111111111111111111111111111111110000111111111111111111111111111111111111111111111111111111111111111111111111111111111111111111110000000000001111111111000000000
1111111111110000000011110000111111111111111111111111111111111111111111110000111111111111111111111111111111111111111111111111111111111111111111111111111111111111111111110000000000001111111100000000000
1111111111110000000011110000111111111111111111111111111111111111111111110000111111111111111111111111111111111111111111111111111111111111111111111111111111111111111111110000000000001111111100000000000
1111111111111111111111111111111111111111111111111111111111111111111111111111000000001111111100001111000011111111111111111111111111111111111111111111111111111111111100000000000011111111111100000000000
1111111111111111111111111111111111111111111111111111111111111111111111111111000000001111111100001111000011111111111111111111111111111111111111111111111111111111111100000000000011111111111100000000000
1111111111111111111111111111111111111111111111111111111111111111111111111111000000001111111100001111000011111111111111111111111111111111111111111111111111111111111100000000000011111111110000000000000
1111111111111111111111111111111111111111111111111111111111111111111111111111000000001111111100001111000011111111111111111111111111111111111111111111111111111111111100000000000011111111110000000000000
1111111111111111111111111111111111111111111111111111111111111111111111111111111100001111111100000000111111111111111111111111111111111111111111111111111111111111111100000000000011111111000000000000000
1111111111111111111111111111111111111111111111111111111111111111111111111111111100001111111100000000111111111111111111111111111111111111111111111111111111111111111100000000000011111111000000000000000
1111111111111111111111111111111111111111111111111111111111111111111111111111111100001111111100000000111111111111111111111111111111111111111111111111111111111111111100000000000011111100000000000000000
1111111111111111111111111111111111111111111111111111111111111111111111111111111100001111111100000000111111111111111111111111111111111111111111111111111111111111111100000000000011111100000000000000000
1111111111111111111100001111111111111111111111111111111111111111111111111111111111111111111111111111111111111111111100000000000011111111111111111111111111110000000000000000000011111100000000000000000
1111111111111111111100001111111111111111111111111111111111111111111111111111111111111111111111111111111111111111111100000000000011111111111111111111111111110000000000000000000011111100000000000000000
1111111111111111111100001111111111111111111111111111111111111111111111111111111111111111111111111111111111111111111100000000000011111111111111111111111111110000000000000000000011110000000000000000000
1111111111111111111100001111111111111111111111111111111111111111111111111111111111111111111111111111111111111111111100000000000011111111111111111111111111110000000000000000000011110000000000000000000
1111111111110000000000000000111100000000111111111111111111111111111111111111111111111111111111111111111111111111111100000000000011111111111100001111000011111111000000000000000011110000000000000000000
1111111111110000000000000000111100000000111111111111111111111111111111111111111111111111111111111111111111111111111100000000000011111111111100001111000011111111000000000000000011110000000000000000000
0000000011110000000000000000111100000000111111111111111111111111111111111111111111111111111111111111111111111111111100000000000011110011111100001111000011111111000000000000000011000000000000000000000
0000000011110000000000000000111100000000111111111111111111111111111111111111111111111111111111111111111111111111111100000000000011110011111100001111000011111111000000000000000011000000000000000000000
0000000000111111000000000000000000000000000011111111111111111111111111111111111111111111111111111111111111111111111111110000000011110000111100000000000000000000000000001111111111000000000000000000000
0000000000111111000000000000000000000000000011111111111111111111111111111111111111111111111111111111111111111111111111110000000011110000111100000000000000000000000000001111111111000000000000000000000
0000000000001111000000000000000000000000000011111111111111111111111111111111111111111111111111111111111111111111111111110000000011110000111100000000000000000000000000001111110011000000000000000000000
0000000000001111000000000000000000000000000011111111111111111111111111111111111111111111111111111111111111111111111111110000000011110000111100000000000000000000000000001111110011000000000000000000000
0000000000111111111111111111111100000000000011111111111111111111111111111111111111111111111111111111111111111111111111110000000000000000000000000000111111111111000000001111110011000000000000000000000
0000000000111111111111111111111100000000000011111111111111111111111111111111111111111111111111111111111111111111111111110000000000000000000000000000111111111111000000001111110011000000000000000000000
0000000000111111111111111111111100000000000011111111111111111111111111111111111111111111111111111111111111111111111111110000000000000000000000000000111111111111000000001111110000000000000000000000000
0000000000111111111111111111111100000000000011111111111111111111111111111111111111111111111111111111111111111111111111110000000000000000000000000000111111111111000000001111110000000000000000000000000
0000000000000000000011110000111100000000111111111111111111111111111111111111111111111111111111111111111111111111111111111111000000000000000000000000111111111111111100000000111100000000000000000000000
0000000000000000000011110000111100000000111111111111111111111111111111111111111111111111111111111111111111111111111111111111000000000000000000000000111111111111111100000000111100000000000000000000000
0000000000000000000000000000111100000000111111111111111111111111111111111111111111111111111111111111111111111111111111111111000000000000000000000000111111111111111100000000111100000000000000000000000
0000000000000000000000000000111100000000111111111111111111111111111111111111111111111111111111111111111111111111111111111111000000000000000000000000111111111111111100000000111100000000000000000000000
0000000000110000000000000011000000001111111111111111111111111111111111111111111100000000111111111111111111111111111111111111111111111111111111111111111111111111111111110000111100000000000000000000000
0000000000110000000000000011000000001111111111111111111111111111111111111111111100000000111111111111111111111111111111111111111111111111111111111111111111111111111111110000111100000000000000000000000
0000000000000000000000001111000000001111111111111111111111111111111111111111111100000000111111111111111111111111111111111111111111111111111111111111111111111111111111110000111100000000000000000000000
0000000000000000000000001111000000001111111111111111111111111111111111111111111100000000111111111111111111111111111111111111111111111111111111111111111111111111111111110000111100000000000000000000000
0000000000110000000000001111111100001111111111111111111111111111111111111111111100000000111111111111111111111111111111111111111111111111111111111111111111111111111100000000111111111100000000000000000
0000000000110000000000001111111100001111111111111111111111111111111111111111111100000000111111111111111111111111111111111111111111111111111111111111111111111111111100000000111111111100000000000000000
0000000000000000000000001111111100001111111111111111111111111111111111111111111100000000111111111111111111111111111111111111111111111111111111111111111111111111111100000000111111111111111111000000000
0000000000000000000000001111111100001111111111111111111111111111111111111111111100000000111111111111111111111111111111111111111111111111111111111111111111111111111100000000111111111111111111000000000
0000000000000000110000111111000000001111111111111111111111111111111111111111111100000000000011111111111111111111111111111111111111111111111111111111111111111111111100001111111111111111111111111111000
0000000000000000110000111111000000001111111111111111111111111111111111111111111100000000000011111111111111111111111111111111111111111111111111111111111111111111111100001111111111111111111111111111000
0000000000000011110000111111000000001111111111111111111111111111111111111111111100000000000011111111111111111111111111111111111111111111111111111111111111111111111100001111111111111111111111111111000
0000000000000011110000111111000000001111111111111111111111111111111111111111111100000000000011111111111111111111111111111111111111111111111111111111111111111111111100001111111111111111111111111111000
0000000000000000000000110000000000001111111111111111111111111111111111111111000000000000000000000000111111111111111111111111111111111111111111111111111111111111111111111111111111111111111111111111110
0000000000000000000000110000000000001111111111111111111111111111111111111111000000000000000000000000111111111111111111111111111111111111111111111111111111111111111111111111111111111111111111111111110
0000000000000000001111110000000000001111111111111111111111111111111111111111000000000000000000000000111111111111111111111111111111111111111111111111111111111111111111111111111111111111111111111111110
0000000000000000001111110000000000001111111111111111111111111111111111111111000000000000000000000000111111111111111111111111111111111111111111111111111111111111111111111111111111111111111111111111110
0000000000000000000011110000000011111111111111111111111111111111111111111111000000000000000011110000111111111111111111111111111111111111111111111111111111111111111111111111111111111111111111111111000
0000000000000000000011110000000011111111111111111111111111111111111111111111000000000000000011110000111111111111111111111111111111111111111111111111111111111111111111111111111111111111111111111111000
0000000000000011000011110000000011111111111111111111111111111111111111111111000000000000000011110000111111111111111111111111111111111111111111111111111111111111111111111111111111111111111111111100000
0000000000000011000011110000000011111111111111111111111111111111111111111111000000000000000011110000111111111111111111111111111111111111111111111111111111111111111111111111111111111111111111111100000
0000000000001111111100000000000011111111111111111111111111111111111100000000111100000000000011111111111111111111111111111111111111111111111111111111111111111111111111111111111111111111111111110000000
0000000000001111111100000000000011111111111111111111111111111111111100000000111100000000000011111111111111111111111111111111111111111111111111111111111111111111111111111111111111111111111111110000000
0000000000111111111100000000000011111111111111111111111111111111111100000000111100000000000011111111111111111111111111111111111111111111111111111111111111111111111111111111111111111111111100000000000
0000000000111111111100000000000011111111111111111111111111111111111100000000111100000000000011111111111111111111111111111111111111111111111111111111111111111111111111111111111111111111111100000000000
0000000000001111111100000000000011111111111111111111111111111111000000000000111100000000000011111111111111111111111111111111111111111111111111111111111111111111111111110000000011111111000000000000000
0000000000001111111100000000000011111111111111111111111111111111000000000000111100000000000011111111111111111111111111111111111111111111111111111111111111111111111111110000000011111111000000000000000
0000000000001111111100000000000011111111111111111111111111111111000000000000111100000000000011111111111111111111111111111111111111111111111111111111111111111111111111110000000011111100000000000000000
0000000000001111111100000000000011111111111111111111111111111111000000000000111100000000000011111111111111111111111111111111111111111111111111111111111111111111111111110000000011111100000000000000000
0000000000001111000000001111000011111111111111111111111111111111000000000000000011111111000000001111111111111111111111111111111111111111111111111111111111111111000000000000111111000000000000000000000
0000000000001111000000001111000011111111111111111111111111111111000000000000000011111111000000001111111111111111111111111111111111111111111111111111111111111111000000000000111111000000000000000000000
0000000000001111000000001111000011111111111111111111111111111111000000000000000011111111000000001111111111111111111111111111111111111111111111111111111111111111000000000000000000000000000000000000000
0000000000001111000000001111000011111111111111111111111111111111000000000000000011111111000000001111111111111111111111111111111111111111111111111111111111111111000000000000000000000000000000000000000
0000000000111111111111110000000011111111111111111111111111111111000000000000000000000000000011111111111111111111111100001111111111111111111111111111111111111111000000001100000000000000000000000000000
0000000000111111111111110000000011111111111111111111111111111111000000000000000000000000000011111111111111111111111100001111111111111111111111111111111111111111000000001100000000000000000000000000000
0000000000111111111111110000000011111111111111111111111111111111000000000000000000000000000011111111111111111111111100001111111111111111111111111111111111111111000000001100000000000000000000000000000
0000000000111111111111110000000011111111111111111111111111111111000000000000000000000000000011111111111111111111111100001111111111111111111111111111111111111111000000001100000000000000000000000000000
0000000000111111111100000000000011111111111111111111111111111111111111110000000000000000000011111111111111111111111100000000111111111111111111111111111111110000000011111100000000000000000000000000000
0000000000111111111100000000000011111111111111111111111111111111111111110000000000000000000011111111111111111111111100000000111111111111111111111111111111110000000011111100000000000000000000000000000
0000000000111111111100000000000011111111111111111111111111111111111111110000000000000000000011111111111111111111111100000000111111111111111111111111111111110000000011111100000000000000000000000000000
0000000000111111111100000000000011111111111111111111111111111111111111110000000000000000000011111111111111111111111100000000111111111111111111111111111111110000000011111100000000000000000000000000000
0000000000001111111100000000000011111111111111111111111111111111111111110000000000000000111111111111111111111111111111111111111111111111111111111111111111110000000011110000000000000000000000000000000
0000000000001111111100000000000011111111111111111111111111111111111111110000000000000000111111111111111111111111111111111111111111111111111111111111111111110000000011110000000000000000000000000000000
0000000000001111111100000000000011111111111111111111111111111111111111110000000000000000111111111111111111111111111111111111111111111111111111111111111111110000000011000000000000000000000000000000000
0000000000001111111100000000000011111111111111111111111111111111111111110000000000000000111111111111111111111111111111111111111111111111111111111111111111110000000011000000000000000000000000000000000
0000000000001111111111110000000011111111111111111111111111111111111111110000000011111111111111111111111111111111111111111111111111111111111111111111111111110000000011000000000000000000000000000000000
0000000000001111111111110000000011111111111111111111111111111111111111110000000011111111111111111111111111111111111111111111111111111111111111111111111111110000000011000000000000000000000000000000000
0000001100001111111111110000000011111111111111111111111111111111111111110000000011111111111111111111111111111111111111111111111111111111111111111111111111110000000000000000000000000000000000000000000
0000001100001111111111110000000011111111111111111111111111111111111111110000000011111111111111111111111111111111111111111111111111111111111111111111111111110000000000000000000000000000000000000000000
0000000000000011000000000000000011111111111111111111111111111111111111111111111111111111111111111111111111111111111111111111111111111111111111111111111100000000110000000000000000000000000000000000000
0000000000000011000000000000000011111111111111111111111111111111111111111111111111111111111111111111111111111111111111111111111111111111111111111111111100000000110000000000000000000000000000000000000
0000000000001111000000000000000011111111111111111111111111111111111111111111111111111111111111111111111111111111111111111111111111111111111111111111111100000000110000000000000000000000000000000000000
0000000000001111000000000000000011111111111111111111111111111111111111111111111111111111111111111111111111111111111111111111111111111111111111111111111100000000110000000000000000000000000000000000000
0000000000111111000011110000111111111111111111111111111111111111111111111111111111111111111111111111111111111111111100001111111111110000000000000000000000001111000000000000000000000000000000000000000
0000000000111111000011110000111111111111111111111111111111111111111111111111111111111111111111111111111111111111111100001111111111110000000000000000000000001111000000000000000000000000000000000000000
0000000000111111000011110000111111111111111111111111111111111111111111111111111111111111111111111111111111111111111100001111111111110000000000000000000000001100000000000000000000000000000000000000000
0000000000111111000011110000111111111111111111111111111111111111111111111111111111111111111111111111111111111111111100001111111111110000000000000000000000001100000000000000000000000000000000000000000
0000000000001111111111110000000011111111111111111111111111111111111111111111111111111111111111111111111111111111111100001111111100000000000000000000000011110000000000000000000000000000000000000000000
0000000000001111111111110000000011111111111111111111111111111111111111111111111111111111111111111111111111111111111100001111111100000000000000000000000011110000000000000000000000000000000000000000000
0000000000001111111111110000000011111111111111111111111111111111111111111111111111111111111111111111111111111111111100001111111100000000000000000000000011110000000000000000000000000000000000000000000
0000000000001111111111110000000011111111111111111111111111111111111111111111111111111111111111111111111111111111111100001111111100000000000000000000000011110000000000000000000000000000000000000000000
0000111100000011111100000000000011111111111111111111000011111111111111111111111111111111111111111111111111111111111111111111111111110000000000001111111111000000000000000000000000000000000000000000000
0000111100000011111100000000000011111111111111111111000011111111111111111111111111111111111111111111111111111111111111111111111111110000000000001111111111000000000000000000000000000000000000000000000
0000111100000011111100000000000011111111111111111111000011111111111111111111111111111111111111111111111111111111111111111111111111110000000000001111111100000000000000000000000000000000000000000000000
0000111100000011111100000000000011111111111111111111000011111111111111111111111111111111111111111111111111111111111111111111111111110000000000001111111100000000000000000000000000000000000000000000000
0000000000000011000000000000000000001111111100000000000011111111111111111111111111111111111111111111111111111111111111111111111100001111000011111111110000000000000000000000000000000000000000000000000
0000000000000011000000000000000000001111111100000000000011111111111111111111111111111111111111111111111111111111111111111111111100001111000011111111110000000000000000000000000000000000000000000000000
0000000000111111000000000000000000001111111100000000000011111111111111111111111111111111111111111111111111111111111111111111111100001111000011111100000000000000000000000000000000000000000000000000000
0000000000111111000000000000000000001111111100000000000011111111111111111111111111111111111111111111111111111111111111111111111100001111000011111100000000000000000000000000000000000000000000000000000
0000000000111111000000001111000000000000000000000000111111111111111111111111000000001111111111111111111111111111111111111111000000000000111111110000000000000000000000000000000000000000000000000000000
0000000000111111000000001111000000000000000000000000111111111111111111111111000000001111111111111111111111111111111111111111000000000000111111110000000000000000000000000000000000000000000000000000000
0000000000111111000000001111000000000000000000000000111111111111111111111111000000001111111111111111111111111111111111111111000000000000111100000000000000000000000000000000000000000000000000000000000
0000000000111111000000001111000000000000000000000000111111111111111111111111000000001111111111111111111111111111111111111111000000000000111100000000000000000000000000000000000000000000000000000000000
0000000000111111111111111111111100001111111100000000111100000000111111110000000000000000000011111111111111111111111111111111111100000000111100000000000000000000000000000000000000000000000000000000000
0000000000111111111111111111111100001111111100000000111100000000111111110000000000000000000011111111111111111111111111111111111100000000111100000000000000000000000000000000000000000000000000000000000
0000000000000011111111111111111100001111111100000000111100000000111111110000000000000000000011111111111111111111111111111111111100000000000000000000000000000000000000000000000000000000000000000000000
0000000000000011111111111111111100001111111100000000111100000000111111110000000000000000000011111111111111111111111111111111111100000000000000000000000000000000000000000000000000000000000000000000000
0000000000000000111111111111111111111111111111110000000000000000000000000000111111110000000000000000111111111111111111110000000000001111000000000000000000000000000000000000000000000000000000000000000
0000000000000000111111111111111111111111111111110000000000000000000000000000111111110000000000000000111111111111111111110000000000001111000000000000000000000000000000000000000000000000000000000000000
0000000000000000110011111111111111111111111111110000000000000000000000000000111111110000000000000000111111111111111111110000000000001100000000000000000000000000000000000000000000000000000000000000000
0000000000000000110011111111111111111111111111110000000000000000000000000000111111110000000000000000111111111111111111110000000000001100000000000000000000000000000000000000000000000000000000000000000
0000000000000011111100111111111111111111000011111111000000000000000011111111111111110000000011110000000000000000000000001111111111110000000000000000000000000000000000000000000000000000000000000000000
0000000000000011111100111111111111111111000011111111000000000000000011111111111111110000000011110000000000000000000000001111111111110000000000000000000000000000000000000000000000000000000000000000000
0000000000000011000000110000111111111111000011111111000000000000000011111111111111110000000011110000000000000000000000001111111100000000000000000000000000000000000000000000000000000000000000000000000
0000000000000011000000110000111111111111000011111111000000000000000011111111111111110000000011110000000000000000000000001111111100000000000000000000000000000000000000000000000000000000000000000000000
0000000000000000000000000000001111001111001111111111111111111111111111111111111111111111111111111111111111111111111111111111111100000000000000000000000000000000000000000000000000000000000000000000000
0000000000000000000000000000001111001111001111111111111111111111111111111111111111111111111111111111111111111111111111111111111100000000000000000000000000000000000000000000000000000000000000000000000
0000000000000000000000000000000000000000001100001111111111001100001111110011111111111111111111111111111111111111111111111111111100000000000000000000000000000000000000000000000000000000000000000000000
0000000000000000000000000000000000000000001100001111111111001100001111110011111111111111111111111111111111111111111111111111111100000000000000000000000000000000000000000000000000000000000000000000000
0000000000000000000000000000000000000000000000000011000000000000001111000000111111111111111111111100000011001111000000111111000000000000000000000000000000000000000000000000000000000000000000000000000
0000000000000000000000000000000000000000000000000011000000000000001111000000111111111111111111111100000011001111000000111111000000000000000000000000000000000000000000000000000000000000000000000000000
0000000000000000000000000000001100111100000000000000000000000000000000000000000011111100000011000000001100000000000000000000000000000000000000000000000000000000000000000000000000000000000000000000000
0000000000000000000000000000001100111100000000000000000000000000000000000000000011111100000011000000001100000000000000000000000000000000000000000000000000000000000000000000000000000000000000000000000
0000000000000000000000000000000000111100000000000000001111110000000000000000000000111100000000000000000000000000000000000000000000000000000000000000000000000000000000000000000000000000000000000000000
0000000000000000000000000000000000111100000000000000001111110000000000000000000000111100000000000000000000000000000000000000000000000000000000000000000000000000000000000000000000000000000000000000000
0000000000000000000000000000000000000000000000000000000000000000000000001100000000110000000000000000000000000000000000000000000000000000000000000000000000000000000000000000000000000000000000000000000
0000000000000000000000000000000000000000000000000000000000000000000000001100000000110000000000000000000000000000000000000000000000000000000000000000000000000000000000000000000000000000000000000000000
